0.00
0.00
0.00
0.00
0.00
0.00
0.00
0.00
0.00
0.00
0.00
0.00
0.00
0.00
0.00
0.00
0.00
0.00
0.00
0.00
0.00
0.00
0.00
0.00
0.00
0.00
0.00
0.00
0.00
0.00
0.00
0.00
0.00
0.00
0.00
0.00
0.00
0.00
0.00
0.00
0.00
0.00
0.00
0.00
0.00
0.00
0.00
0.00
0.00
0.00
0.00
0.00
0.00
0.00
0.00
0.00
0.00
0.00
0.00
0.00
0.00
0.00
0.00
0.00
0.00
0.00
0.00
0.00
0.00
0.00
0.00
0.00
0.00
0.00
0.00
0.00
0.00
0.00
0.00
0.00
0.00
0.00
0.00
0.00
0.00
0.00
0.00
0.00
0.00
0.00
0.00
0.00
0.00
0.00
0.00
0.00
0.00
0.00
0.00
0.00
0.00
0.00
0.00
0.00
0.00
0.00
0.00
0.00
0.00
0.00
0.00
0.00
0.00
0.00
0.00
0.00
0.00
0.00
0.00
0.00
0.00
0.00
0.00
0.00
0.00
0.00
0.00
0.00
0.00
0.00
0.00
0.00
0.00
0.00
0.00
0.00
0.00
0.00
0.00
0.00
0.00
0.00
0.00
0.00
0.00
0.00
0.00
0.00
0.00
0.00
0.00
0.00
0.00
0.00
0.00
0.00
0.00
0.00
0.00
0.00
0.00
0.00
0.00
0.00
0.00
0.00
0.00
0.00
0.00
0.00
0.00
0.00
0.00
0.00
0.00
0.00
0.00
0.00
0.00
0.00
0.00
0.00
0.00
0.00
0.00
0.00
0.00
0.00
0.00
0.00
0.00
0.00
0.00
0.00
0.00
0.00
0.00
0.00
0.00
0.00
0.00
0.00
0.00
0.00
0.00
0.00
0.00
0.00
0.00
0.00
0.00
0.00
0.00
0.00
0.00
0.00
0.00
0.00
0.00
0.00
0.00
0.00
0.00
0.00
0.00
0.00
0.00
0.00
0.00
0.00
0.00
0.00
0.00
0.00
0.00
0.00
0.00
0.00
0.00
0.00
0.00
0.00
0.00
0.00
0.00
0.00
0.00
0.00
0.00
0.00
0.00
0.00
0.00
0.00
0.00
0.00
0.00
0.00
0.00
0.00
0.00
0.00
0.00
0.00
0.00
0.00
0.00
0.00
0.00
0.00
0.00
0.00
0.00
0.00
0.00
0.00
0.00
0.00
0.00
0.00
0.00
0.00
0.00
0.00
0.00
0.00
0.00
0.00
0.00
0.00
0.00
0.00
0.00
0.00
0.00
0.00
0.00
0.00
0.00
0.00
0.00
0.00
0.00
0.00
0.00
0.00
0.00
0.00
0.00
0.00
0.00
0.00
0.00
0.00
0.00
0.00
0.00
0.00
0.00
0.00
0.00
0.00
0.00
0.00
0.00
0.00
0.00
0.00
0.00
0.00
0.00
0.00
0.00
0.00
0.00
0.00
0.00
0.00
0.00
0.00
0.01
0.04
0.06
1.72
4.77
8.16
12.33
16.37
20.02
23.84
27.97
31.84
35.46
39.32
42.99
45.98
49.02
52.02
54.92
57.99
60.50
63.08
65.65
67.78
70.03
71.89
73.52
75.49
77.69
79.38
81.07
82.79
84.57
86.43
88.02
89.35
90.49
91.45
92.55
93.71
94.95
95.97
96.81
98.03
99.07
100.13
101.24
102.14
102.73
103.57
104.45
105.15
105.91
106.26
106.89
107.73
108.37
108.99
109.48
110.02
110.12
110.60
110.89
110.50
110.78
110.94
111.25
111.93
112.28
112.90
113.47
113.91
114.42
114.42
114.33
114.87
115.38
115.68
116.11
116.04
116.28
116.35
115.77
115.83
115.72
115.86
116.36
116.47
116.94
117.43
117.70
118.07
117.98
118.20
118.18
117.54
117.52
117.33
117.46
117.97
118.12
118.48
118.84
119.05
119.32
119.10
119.21
119.17
118.47
118.51
118.41
118.42
118.79
118.82
119.23
119.68
119.86
120.11
119.86
119.96
119.95
119.31
119.31
119.18
119.22
119.62
119.71
120.09
120.41
120.53
120.79
120.62
120.84
120.81
120.09
120.07
119.84
119.79
120.15
120.12
120.39
120.81
121.07
121.35
121.11
121.21
121.12
120.36
120.30
120.08
120.04
120.36
120.40
120.77
121.14
121.31
121.54
121.32
121.44
121.36
120.56
120.43
120.19
119.60
119.97
120.11
119.58
119.73
119.60
119.58
119.98
120.07
120.49
120.85
121.06
121.38
121.23
121.41
121.33
120.54
120.41
120.17
120.11
120.48
120.45
120.23
120.29
120.12
120.17
120.58
120.59
120.93
121.28
121.42
121.69
121.50
121.59
121.49
120.72
120.66
120.47
120.47
120.79
120.76
120.55
120.51
120.31
120.33
120.77
120.79
121.06
121.34
121.47
121.68
121.44
121.54
121.45
120.68
120.63
120.40
120.36
120.75
120.77
120.60
120.61
120.52
120.60
120.94
120.94
121.24
121.54
121.69
121.93
121.69
121.91
121.92
121.17
121.09
120.84
120.20
120.54
120.65
120.00
120.04
119.95
120.02
120.45
120.57
121.02
121.45
121.77
122.14
121.93
122.06
121.99
121.23
121.14
120.84
120.21
120.53
120.63
120.03
120.12
120.06
120.12
120.53
120.64
121.08
121.56
121.81
122.02
121.77
121.87
121.73
120.92
120.88
121.28
121.19
121.43
121.45
120.73
120.67
120.53
120.56
120.96
121.00
121.29
121.58
121.73
121.96
121.72
121.93
121.89
120.97
120.83
121.19
121.06
121.26
121.21
120.48
120.46
120.26
120.24
120.64
120.68
121.12
121.54
121.70
121.93
121.65
121.77
122.56
122.77
122.75
122.83
122.46
122.51
122.38
121.56
121.43
121.17
121.11
121.38
121.32
121.56
121.81
121.98
122.48
122.65
122.45
122.62
122.82
122.84
122.96
122.62
122.59
122.39
121.58
121.44
121.14
121.09
121.46
121.48
121.26
121.22
121.00
120.92
121.22
121.22
121.53
121.79
122.01
122.40
122.15
122.20
122.07
121.25
121.16
120.90
120.26
120.58
120.73
120.16
120.28
120.20
120.28
120.78
120.85
121.21
121.62
121.81
122.07
121.82
121.46
121.73
121.96
122.05
122.28
122.05
122.16
122.07
121.30
121.20
120.94
120.92
121.32
121.36
121.69
121.98
122.07
122.45
122.63
122.48
122.65
122.84
122.86
122.97
122.63
122.61
122.40
121.54
121.41
121.17
121.06
121.39
121.37
121.07
121.01
120.82
120.82
121.19
121.15
121.46
121.83
122.00
122.28
122.10
122.20
122.20
121.50
121.42
121.18
120.54
120.92
121.07
120.45
120.53
120.41
120.41
120.79
120.81
121.12
121.44
121.66
121.95
121.67
121.33
121.61
121.86
121.97
122.21
121.98
122.10
122.03
121.22
121.09
120.84
120.83
121.25
121.25
121.55
121.91
122.06
122.39
122.47
122.25
122.40
122.64
122.68
122.77
122.37
122.38
122.22
121.39
121.28
121.00
120.97
121.36
121.35
121.05
120.94
120.72
120.73
121.16
121.17
121.49
121.80
122.02
122.36
122.11
122.16
122.02
121.21
121.08
120.92
120.41
120.76
120.88
120.28
120.33
120.20
120.23
120.63
120.67
121.11
121.54
121.74
122.07
121.86
122.00
122.71
122.84
122.81
122.88
122.50
122.55
122.41
121.59
121.50
121.24
121.18
121.49
121.55
121.96
122.26
122.36
122.70
122.84
122.65
122.75
122.83
122.80
122.87
122.45
122.40
122.23
121.44
121.32
120.99
120.87
121.18
121.14
120.92
120.88
120.66
120.63
120.97
121.01
121.40
121.78
122.00
122.29
122.00
122.08
121.96
121.21
121.17
120.91
120.31
120.62
120.71
120.14
120.21
120.09
120.14
120.60
120.70
121.08
121.56
121.81
122.07
121.87
122.00
122.66
122.75
122.78
122.90
122.48
122.48
122.35
121.54
121.41
121.16
121.15
121.52
121.53
121.84
122.15
122.27
122.57
122.63
122.43
122.55
122.66
122.65
122.80
122.44
122.45
122.32
121.51
121.39
121.18
121.17
121.43
121.40
121.15
121.03
120.74
120.81
121.29
121.28
121.58
121.83
122.04
122.33
121.99
122.01
121.89
121.10
121.14
121.60
121.47
121.66
121.70
121.02
120.97
120.78
120.83
121.24
121.29
121.59
121.89
122.04
122.22
121.90
121.93
122.54
122.65
122.64
122.79
122.48
122.53
122.39
121.57
121.48
121.23
121.11
121.39
121.41
121.79
122.11
122.23
122.59
122.75
122.58
122.68
122.77
122.80
122.97
122.59
122.52
122.33
121.52
121.44
121.19
121.19
121.55
121.51
121.28
121.24
121.02
120.93
121.23
121.19
121.50
121.81
121.93
122.13
121.82
121.92
121.87
121.13
121.11
121.42
121.26
121.49
121.55
120.85
120.77
120.57
120.55
121.05
121.23
121.58
121.94
122.08
122.41
122.54
122.40
122.58
122.84
122.95
123.10
122.75
122.76
122.54
121.66
121.56
121.29
121.17
121.43
121.36
121.10
121.04
120.80
120.80
121.21
121.22
121.53
121.89
122.09
122.37
122.12
122.22
122.08
121.27
121.22
121.57
121.49
121.73
121.71
120.94
120.85
120.68
120.69
121.12
121.24
121.54
121.80
121.82
122.19
122.45
122.28
122.43
122.71
122.79
122.91
122.59
122.62
122.47
121.64
121.49
121.19
120.54
120.82
120.88
120.24
120.25
120.12
120.22
120.67
120.71
121.09
121.47
121.63
121.92
121.74
121.43
121.76
122.08
122.26
122.51
122.24
122.32
122.26
121.51
121.38
121.09
120.99
121.33
121.42
121.79
122.07
122.14
122.46
122.58
122.44
122.62
122.77
122.74
122.87
122.55
122.53
122.34
121.53
121.40
121.11
121.06
121.44
121.41
121.15
121.13
120.92
120.91
121.26
121.26
121.56
121.91
122.16
122.43
122.21
122.35
122.23
121.39
121.34
121.72
121.57
121.70
121.63
120.92
120.93
120.71
120.63
120.97
121.01
121.40
121.73
121.86
122.22
122.37
122.21
122.37
122.56
122.57
122.72
122.42
122.48
122.35
121.54
121.45
121.25
121.28
121.68
121.62
121.33
121.28
121.05
121.01
121.40
121.43
121.75
122.08
122.26
122.51
122.24
122.27
122.11
121.29
121.20
121.55
121.42
121.57
121.52
120.83
120.85
120.69
120.70
121.14
121.15
121.47
121.84
122.05
122.48
122.66
122.45
122.58
122.79
122.81
122.88
122.46
122.46
122.33
121.48
121.31
121.03
120.94
121.24
121.24
121.01
120.96
120.74
120.70
121.13
121.20
121.51
121.82
121.98
122.32
122.14
122.19
122.10
121.33
121.28
121.62
121.48
121.67
121.66
120.90
120.87
120.70
120.72
121.15
121.16
121.43
121.70
121.88
122.29
122.39
122.22
122.38
122.61
122.71
122.79
122.43
122.49
122.31
121.46
121.39
121.15
121.15
121.57
121.52
121.25
121.16
120.90
120.83
121.14
121.16
121.53
121.84
121.95
122.19
121.92
122.01
121.95
121.15
121.13
121.54
121.41
121.62
121.61
120.91
120.87
120.70
120.71
121.08
121.11
121.43
121.76
121.88
122.29
122.49
122.36
122.55
122.76
122.78
122.91
122.63
122.70
122.54
121.70
121.54
121.32
121.28
121.53
121.49
121.22
121.14
120.93
120.86
121.22
121.27
121.57
121.92
122.12
122.34
122.09
122.20
122.11
121.33
121.28
121.62
121.53
121.76
121.78
121.10
121.03
120.79
120.84
121.31
121.35
121.68
121.97
122.06
122.45
122.57
122.33
122.43
122.60
122.70
122.89
122.61
122.68
122.52
121.69
121.58
121.36
121.22
122.04
122.08
121.31
121.21
120.95
120.93
121.32
121.31
121.61
121.96
122.15
122.37
122.07
122.12
121.99
121.47
121.63
121.92
121.74
121.84
121.75
120.98
120.88
120.67
120.69
121.12
121.14
121.51
121.93
122.12
122.55
122.66
122.46
122.63
122.83
122.85
122.96
122.58
122.57
122.42
121.60
121.46
121.16
120.52
120.85
121.00
120.43
120.46
120.31
120.33
120.76
120.83
121.20
121.61
121.80
122.07
121.86
121.54
121.90
122.21
122.27
122.41
122.11
122.21
122.12
121.30
121.20
120.99
120.96
121.31
121.30
121.10
121.09
120.89
120.87
121.28
121.33
121.61
121.91
122.11
122.38
122.13
122.23
122.14
121.36
121.30
121.64
121.50
121.80
121.88
121.13
121.11
120.91
120.84
121.20
121.26
121.61
121.91
121.96
122.31
122.45
122.28
122.48
122.65
122.70
122.88
122.56
122.59
122.45
121.58
121.44
121.24
120.63
120.95
121.09
120.46
120.44
120.33
120.39
120.82
120.88
121.24
121.64
121.83
122.09
121.88
121.56
121.86
122.17
122.29
122.48
122.22
122.30
122.20
121.41
121.30
121.02
120.93
121.23
121.23
121.05
121.04
120.89
120.92
121.32
121.36
121.70
122.03
122.16
122.38
122.13
122.23
122.13
121.26
121.13
121.49
121.37
121.69
121.78
121.06
121.04
120.90
120.93
121.33
121.32
121.61
121.96
122.15
122.57
122.73
122.56
122.72
122.91
122.96
123.06
122.66
122.74
122.62
121.77
121.61
121.28
120.63
121.00
121.18
120.54
120.56
120.44
120.44
120.86
120.96
121.36
121.74
121.92
122.22
122.04
121.69
121.98
122.27
122.42
122.65
122.40
122.51
122.42
121.64
121.54
121.28
121.16
121.42
121.35
121.59
121.99
121.66
121.53
121.89
121.90
122.15
122.42
122.60
122.95
122.67
122.65
122.54
121.70
121.60
121.99
121.85
121.99
121.93
121.18
121.10
120.85
120.84
121.25
121.30
121.65
121.99
122.18
122.59
122.70
122.49
122.66
122.85
122.87
122.98
122.64
122.66
122.51
121.67
121.57
121.39
121.40
121.73
121.66
121.41
121.39
121.15
121.05
121.33
121.32
121.66
122.00
122.14
122.40
122.16
122.21
122.16
121.71
121.89
122.14
121.92
122.05
122.07
121.39
121.28
121.01
120.97
121.32
121.31
121.65
121.99
122.18
122.60
122.75
122.58
122.74
122.92
122.92
123.03
122.68
122.70
122.54
121.70
121.59
121.32
120.66
120.97
121.11
120.52
120.54
120.37
120.43
120.90
121.05
121.48
121.80
121.92
122.32
122.47
122.29
122.44
122.61
122.66
122.80
122.44
122.51
122.43
121.60
121.51
121.30
120.68
120.99
121.08
120.45
120.53
120.41
120.42
120.89
121.04
121.42
121.80
122.01
122.30
122.06
121.71
121.99
122.29
122.43
122.66
122.37
122.48
122.45
121.62
121.43
121.14
121.09
121.46
121.53
121.35
121.24
120.97
120.95
121.34
121.48
121.84
122.20
122.46
122.68
122.39
122.45
122.32
121.52
121.49
121.85
121.68
121.84
121.80
121.07
121.01
120.77
120.88
121.39
121.42
121.75
122.03
122.11
122.49
122.61
122.41
122.59
122.80
122.87
122.98
122.59
122.73
122.67
121.81
121.64
121.31
120.65
121.02
121.20
120.60
120.61
120.43
120.48
120.95
120.99
121.33
121.72
121.95
122.24
122.01
121.62
121.82
122.08
122.31
122.60
122.28
122.31
122.25
121.49
121.42
121.22
121.20
121.51
121.47
121.79
122.16
121.76
121.57
121.82
121.79
122.06
122.29
122.34
122.48
122.16
122.20
122.10
121.37
121.31
121.08
120.46
120.80
120.91
120.31
120.36
120.22
120.30
120.84
121.00
121.39
121.72
121.75
122.13
122.40
122.24
122.40
122.58
122.63
122.78
122.42
122.42
122.25
121.45
121.38
121.19
121.12
121.39
121.32
121.08
121.01
120.86
120.89
121.20
121.20
121.56
121.92
122.07
122.29
122.06
122.17
122.08
121.22
121.09
121.46
121.39
121.64
121.63
120.93
120.88
120.67
120.74
121.22
121.22
121.48
121.79
121.96
122.36
122.55
122.41
122.54
122.65
122.69
122.88
122.70
122.85
122.67
121.81
121.64
121.31
121.23
122.05
121.98
121.22
121.14
120.88
120.87
121.28
121.27
121.57
121.93
122.07
122.25
122.02
122.18
122.09
121.32
121.27
121.61
121.47
121.67
121.66
120.95
120.90
120.64
120.56
120.96
121.01
121.34
121.73
121.96
122.41
122.59
122.44
122.62
122.87
122.93
123.03
122.73
122.79
122.61
121.76
121.65
121.37
121.29
121.63
121.63
121.38
121.32
121.09
121.05
121.38
121.36
121.70
122.03
122.17
122.38
122.13
122.23
122.13
121.35
121.35
121.73
121.58
121.76
121.77
121.05
120.99
120.85
120.89
121.24
121.25
121.60
121.90
121.90
122.26
122.52
122.38
122.51
122.63
122.68
122.87
122.64
183.65
235.49
218.16
203.92
191.58
181.24
173.30
165.75
158.55
153.07
148.26
144.25
141.24
138.37
136.22
134.39
132.67
131.35
129.79
128.26
127.54
127.02
126.43
126.02
125.23
124.88
124.44
123.37
123.07
122.64
122.37
122.51
122.32
122.47
122.64
122.12
121.92
122.13
122.00
122.24
122.50
122.66
122.91
122.53
122.47
122.33
121.52
121.40
121.72
121.57
121.75
121.72
121.00
120.95
120.72
120.73
121.11
121.08
121.36
121.69
121.93
122.33
122.42
122.25
122.46
122.63
122.63
122.77
122.46
122.57
122.48
121.65
121.50
121.19
120.55
120.88
120.98
120.37
120.46
120.35
120.42
120.89
120.99
121.38
121.76
121.93
122.18
121.96
121.53
121.74
122.07
122.20
122.35
122.06
122.17
122.08
121.36
121.30
121.02
120.99
121.38
121.51
121.92
122.17
122.29
122.69
122.83
122.65
122.74
122.87
122.88
122.99
122.65
122.67
122.51
121.68
121.58
121.35
120.73
121.03
121.11
120.48
120.56
120.48
120.52
120.93
121.02
121.41
121.78
121.95
122.25
122.07
121.71
122.00
122.29
122.38
122.51
122.19
122.28
122.18
121.39
121.28
121.05
121.01
121.34
121.38
121.17
121.14
120.94
120.87
121.12
121.10
121.47
121.84
122.00
122.19
121.96
122.13
122.05
121.28
121.24
121.59
121.45
121.65
121.68
121.01
121.01
120.87
120.90
121.30
121.35
121.68
121.97
122.11
122.54
122.65
122.40
122.64
122.94
122.99
123.09
122.68
122.70
122.58
121.83
121.75
121.50
120.86
121.14
121.21
120.56
120.57
120.45
120.54
121.00
121.08
121.46
121.83
121.94
122.40
122.69
122.57
122.78
122.96
123.01
123.05
122.65
122.72
122.59
121.79
121.67
121.39
121.30
121.65
121.64
121.39
121.28
121.01
120.92
121.27
121.32
121.61
121.90
122.11
122.38
122.13
122.23
122.90
123.06
123.04
123.13
122.77
122.77
122.60
121.75
121.59
121.27
121.20
121.51
121.42
121.65
121.94
121.56
121.44
121.76
121.79
122.06
122.29
122.39
122.62
122.38
122.49
122.36
121.54
121.41
121.12
120.48
120.82
120.93
120.33
120.37
120.23
120.31
120.80
120.92
121.32
121.71
121.94
122.39
122.57
122.53
122.79
122.97
122.96
123.06
122.71
122.72
122.60
121.80
121.68
121.40
121.31
122.11
122.03
121.27
121.23
121.05
121.06
121.44
121.51
121.87
122.18
122.34
122.58
122.30
122.43
122.40
121.58
121.45
121.77
121.56
121.70
121.68
120.97
120.97
120.83
120.82
121.18
121.24
121.59
121.94
122.14
122.56
122.72
122.51
122.63
122.83
122.89
123.05
122.66
122.69
122.58
121.74
121.63
121.35
120.68
120.94
121.02
120.45
120.53
120.46
120.50
120.91
121.01
121.39
121.77
121.99
122.28
122.05
121.70
121.98
122.28
122.42
122.65
122.36
122.43
122.39
121.76
121.69
121.35
121.27
121.62
121.61
121.37
121.31
121.08
121.04
121.42
121.45
121.82
122.14
122.21
122.47
122.30
122.42
122.34
121.58
121.54
121.89
121.72
121.87
121.88
121.13
121.01
120.82
120.81
121.17
121.28
121.68
122.02
122.15
122.52
122.69
122.53
122.69
122.88
122.94
123.09
122.74
122.80
122.77
121.98
121.84
121.53
120.84
121.12
121.24
120.63
120.68
120.59
120.66
121.10
121.17
121.53
121.89
122.10
122.47
122.59
122.45
122.62
122.82
122.84
122.95
122.62
122.76
122.74
121.91
121.78
121.52
120.88
121.16
121.22
120.57
120.63
120.50
120.55
120.95
120.95
121.29
121.69
121.87
122.28
122.48
122.35
122.54
122.75
122.83
123.00
122.61
122.59
122.45
121.62
121.53
121.31
120.69
121.00
121.09
120.46
120.54
120.42
120.47
120.94
121.03
121.42
121.79
122.01
122.35
122.15
121.79
122.06
122.34
122.43
122.60
122.28
122.31
122.25
121.49
121.42
121.22
121.20
121.56
121.56
121.38
121.41
121.27
121.24
121.59
121.69
122.08
122.46
122.68
122.87
122.54
122.58
122.48
121.69
121.59
121.89
121.71
121.87
121.83
121.09
121.03
120.83
120.87
121.23
121.28
121.68
122.02
122.15
122.52
122.69
122.57
122.78
122.96
122.96
123.05
122.66
122.69
122.58
121.74
121.63
121.40
120.77
121.06
121.14
120.51
120.52
120.40
120.45
120.87
120.97
121.37
121.75
121.92
122.22
122.05
121.70
121.93
122.13
122.25
122.45
122.14
122.24
122.14
121.36
121.26
120.98
120.96
121.35
121.38
121.18
121.10
120.85
120.84
121.25
121.30
121.65
121.99
122.18
122.44
122.23
122.36
122.24
121.45
121.43
121.80
121.68
121.89
121.89
121.19
121.16
120.95
120.93
121.33
121.37
121.70
121.99
122.13
122.55
122.71
122.55
122.76
122.99
123.04
123.17
122.81
122.81
122.63
121.78
121.66
121.38
120.71
121.01
121.10
120.42
120.46
120.35
120.42
120.89
120.99
121.38
121.76
121.88
122.24
122.45
122.32
122.52
122.68
122.67
122.81
122.45
122.51
122.43
121.61
121.42
121.07
120.45
120.79
120.91
120.26
120.32
120.28
120.35
120.73
120.81
121.22
121.63
121.72
122.00
122.09
121.87
122.03
122.22
122.23
122.28
121.85
121.90
121.77
120.82
120.51
120.03
119.71
119.80
119.63
119.82
119.94
119.85
119.86
119.38
119.21
118.85
117.86
117.53
117.04
116.71
116.77
116.51
116.55
116.63
116.57
116.01
115.03
114.96
115.10
115.04
114.99
114.81
114.66
114.04
113.77
113.36
112.38
112.05
111.55
111.20
111.29
111.03
111.02
111.05
110.91
110.34
109.94
109.93
109.60
109.52
109.52
109.37
109.20
109.13
108.93
108.48
108.29
108.09
107.81
107.18
106.68
106.53
106.11
105.97
105.65
105.18
104.59
104.16
104.13
104.21
103.82
102.90
102.63
102.71
102.67
102.21
102.03
102.07
101.95
101.83
101.51
100.88
100.50
100.24
100.05
99.72
99.29
99.29
99.12
98.59
98.20
98.14
98.14
97.78
97.33
97.30
97.14
96.64
96.24
95.95
95.80
95.87
95.77
95.46
95.02
94.48
93.99
93.63
93.15
92.90
92.35
91.66
91.36
91.37
91.07
90.87
90.75
90.77
90.93
90.90
90.64
90.24
90.20
90.16
90.18
90.05
90.02
89.63
89.14
88.86
88.46
88.39
88.31
88.26
88.07
88.02
87.95
87.73
87.34
86.85
86.69
86.15
85.74
85.42
85.26
85.25
84.58
83.83
83.47
83.41
83.03
82.67
82.79
82.74
82.79
82.53
82.15
81.91
81.56
81.51
81.10
80.77
80.53
80.09
79.85
79.36
79.09
78.97
78.74
78.76
78.41
78.14
77.94
77.57
77.69
77.46
77.14
76.99
76.67
76.62
76.25
75.90
76.00
75.77
75.66
75.69
75.13
74.81
74.77
74.62
74.57
74.16
73.77
73.46
73.08
73.16
73.21
72.67
72.03
71.74
71.69
71.70
71.34
71.02
71.14
71.08
71.10
71.08
70.51
70.19
70.00
69.65
69.55
69.18
68.82
68.87
68.66
68.28
68.32
68.34
67.83
67.53
67.51
67.34
67.24
66.85
66.46
66.48
66.24
65.84
65.87
65.86
65.35
65.05
64.88
64.55
64.43
64.39
64.04
63.68
63.72
63.51
63.12
63.17
63.19
62.70
62.41
62.23
61.92
61.83
61.80
61.71
61.65
61.68
61.49
61.37
61.25
60.88
60.34
60.00
59.79
59.45
59.29
59.21
58.85
58.48
58.48
58.26
57.89
57.88
57.84
57.36
57.06
56.87
56.55
56.42
56.34
56.27
55.94
55.61
55.61
55.39
55.03
55.02
54.98
54.51
53.92
53.70
53.58
53.33
53.25
53.20
52.90
52.37
52.14
52.21
52.06
51.77
51.80
52.00
51.96
51.52
51.23
51.04
50.73
50.57
50.46
50.37
50.04
49.73
49.65
49.63
49.41
49.07
49.04
49.19
49.11
48.65
48.34
48.33
48.11
47.78
47.61
47.49
47.38
47.05
46.72
46.63
46.58
46.34
46.00
45.77
45.74
45.69
45.44
45.06
44.80
44.62
44.27
44.05
43.94
43.86
43.79
43.51
43.22
43.14
43.11
42.90
42.51
42.25
42.24
42.38
42.32
41.91
41.40
41.19
41.24
41.08
40.82
40.68
40.55
40.45
40.37
40.08
39.79
39.71
39.66
39.44
39.06
38.79
38.62
38.61
38.55
38.33
38.00
37.57
37.40
37.27
36.99
36.81
36.72
36.63
36.56
36.49
36.24
35.83
35.62
35.59
35.58
35.59
35.42
35.14
34.94
34.89
34.97
34.87
34.62
34.28
33.86
33.66
33.67
33.51
33.27
33.11
32.97
32.85
32.73
32.62
32.35
31.95
31.73
31.66
31.62
31.59
31.40
31.08
30.81
30.60
30.56
30.63
30.69
30.59
30.35
30.02
29.62
29.43
29.40
29.25
28.97
28.76
28.61
28.48
28.37
28.27
28.16
28.05
27.81
27.45
27.24
27.15
27.08
27.02
26.98
26.80
26.51
26.25
26.05
25.90
25.84
25.87
25.90
25.79
25.57
25.27
24.91
24.61
24.45
24.43
24.29
24.05
23.85
23.68
23.56
23.45
23.34
23.23
23.14
23.04
22.92
22.83
22.61
22.30
22.10
22.01
21.93
21.85
21.77
21.71
21.53
21.26
21.03
20.83
20.66
20.50
20.37
20.32
20.34
20.35
20.23
20.01
19.82
19.57
19.26
19.01
18.79
18.67
18.63
18.60
18.48
18.28
18.11
17.96
17.82
17.68
17.56
17.46
17.35
17.23
17.13
17.01
16.86
16.73
16.62
16.53
16.35
16.09
15.88
15.69
15.56
15.47
15.40
15.34
15.26
15.18
15.10
15.03
14.98
14.83
14.60
14.40
14.24
14.06
13.87
13.72
13.58
13.47
13.39
13.35
13.31
13.28
13.26
13.12
12.87
12.66
12.48
12.33
12.20
12.02
11.80
11.62
11.46
11.32
11.20
11.10
11.00
10.91
10.84
10.77
10.72
10.67
10.58
10.43
10.31
10.21
10.12
10.04
9.98
9.83
9.61
9.43
9.27
9.13
9.02
8.92
8.83
8.72
8.59
8.48
8.38
8.29
8.22
8.16
8.11
8.07
8.03
7.89
7.65
7.46
7.29
7.14
7.02
6.92
6.83
6.75
6.68
6.63
6.58
6.48
6.33
6.20
6.09
6.00
5.92
5.85
5.79
5.74
5.70
5.66
5.63
5.61
5.58
5.56
5.55
5.53
5.52
5.37
5.11
4.88
4.69
4.53
4.39
4.27
4.16
4.08
4.00
3.94
3.88
3.84
3.80
3.76
3.73
3.71
3.69
3.67
3.65
3.64
3.63
3.62
3.61
3.60
3.60
3.51
3.35
3.22
3.11
3.01
2.93
2.86
2.80
2.74
2.70
2.66
2.63
2.60
2.58
2.56
2.54
2.53
2.51
2.50
2.49
2.49
2.48
2.47
2.47
2.47
2.46
2.46
2.46
2.45
2.45
2.45
2.45
2.45
2.45
2.45
2.45
2.44
2.44
2.44
2.44
2.44
2.44
2.44
2.44
2.44
2.44
2.44
2.44
2.44
2.44
2.44
2.44
2.44
2.44
2.44
2.44
2.44
2.44
2.44
2.44
2.44
2.44
2.44
2.44
2.44
2.44
2.44
2.44
2.44
2.44
2.44
2.44
2.44
2.44
2.44
2.44
2.44
2.44
2.44
2.44
2.44
2.44
2.44
2.44
2.44
2.44
2.44
2.44
2.44
2.44
2.44
2.44
2.44
2.44
2.44
2.44
2.44
2.44
2.44
2.44
2.44
2.44
2.44
2.44
2.44
2.44
2.44
2.44
2.44
2.44
2.44
2.44
2.44
2.44
2.44
2.44
2.44
2.44
2.44
2.44
2.44
2.44
2.44
2.44
2.44
2.44
2.44
2.44
2.44
2.44
2.44
2.44
2.44
2.44
2.44
2.44
2.44
2.44
2.44
2.44
2.44
2.44
2.44
2.44
2.44
2.44
2.44
2.44
2.44
2.44
2.44
2.44
2.44
2.44
2.44
2.44
2.44
2.44
2.44
2.44
2.44
2.44
2.44
2.44
2.44
2.44
2.44
2.44
2.44
2.44
2.44
2.44
2.44
2.44
2.44
2.44
2.44
2.44
2.44
2.44
2.44
2.44
2.44
2.44
2.44
2.44
2.44
2.44
2.44
2.44
2.44
2.44
2.44
2.44
2.44
2.44
2.44
2.44
2.44
2.44
2.44
2.44
2.44
2.44
2.44
2.44
2.44
2.44
2.44
2.44
2.44
2.44
2.44
2.44
2.44
2.44
2.44
2.44
2.44
2.44
2.44
2.44
2.44
2.44
2.44
2.44
2.44
2.44
2.44
2.44
2.44
2.44
2.44
2.44
2.44
2.44
2.44
2.44
2.44
2.44
2.44
2.44
2.44
2.44
2.44
2.44
2.44
2.44
2.44
2.44
2.44
2.44
2.44
2.44
2.44
2.44
2.44
2.44
2.44
2.44
2.44
2.44
2.44
2.44
2.44
2.44
2.44
2.44
2.44
2.44
2.44
2.44
2.44
2.44
2.44
2.44
2.44
2.44
2.44
2.44
2.44
2.44
2.44
2.44
2.44
2.44
2.44
2.44
2.44
2.44
2.44
2.44
2.44
2.44
2.44
2.44
2.44
2.44
2.44
2.44
2.44
2.44
2.44
2.44
2.44
2.44
2.44
2.44
2.44
2.44
2.44
2.44
2.44
2.44
2.44
2.44
2.44
2.44
2.44
2.44
2.44
2.44
2.44
2.44
2.44
2.44
2.44
2.44
2.44
2.44
2.44
2.44
2.44
2.44
2.44
2.44
2.44
2.44
2.44
2.44
2.44
2.44
2.44
2.44
2.44
2.44
2.44
2.44
2.44
2.44
2.44
2.44
2.44
2.44
2.44
2.44
2.44
2.44
2.44
2.44
2.44
2.44
2.44
2.44
2.44
2.44
2.44
2.44
2.44
2.44
2.44
2.44
2.44
2.44
2.44
2.44
2.44
2.44
2.44
2.44
2.44
2.44
2.44
2.44
2.44
2.44
2.44
2.44
2.44
2.44
2.44
2.44
2.44
2.44
2.44
2.44
2.44
2.44
2.44
2.44
2.44
2.44
2.44
2.44
2.44
2.44
2.44
2.44
2.44
2.44
2.44
2.44
2.44
2.44
2.44
2.44
2.44
2.44
2.44
2.44
2.44
2.44
2.44
2.44
2.44
2.44
2.44
2.44
2.44
2.44
2.44
2.44
2.44
2.44
2.44
2.44
2.44
2.44
2.44
2.44
2.44
2.44
2.44
2.44
2.44
2.44
2.44
2.44
2.44
2.44
2.44
2.44
2.44
2.44
2.44
2.44
2.44
2.44
2.44
2.44
2.44
2.44
2.44
2.44
2.44
2.44
2.44
2.44
2.44
2.44
2.44
2.44
2.44
2.44
2.44
2.44
2.44
2.44
2.44
2.44
2.44
2.44
2.44
2.44
2.44
2.44
2.44
2.44
2.44
2.44
2.44
2.44
2.44
2.44
2.44
2.44
2.44
2.44
2.44
2.44
2.44
2.44
2.44
2.44
2.44
2.44
2.44
2.44
2.44
2.44
2.44
2.44
2.44
2.44
2.44
2.44
2.44
2.44
2.44
2.27
1.96
3.69
7.16
10.83
14.67
18.24
21.78
25.61
29.53
33.27
37.07
40.78
44.04
47.15
50.50
53.40
55.97
58.70
61.08
63.53
65.95
68.17
70.64
73.03
75.37
77.50
79.66
81.29
82.75
84.54
86.09
87.25
88.59
89.91
91.31
92.88
94.11
95.33
96.44
97.13
97.90
99.03
99.85
100.23
100.42
101.19
101.82
102.55
103.61
104.40
104.74
104.83
105.49
105.98
106.56
107.45
108.04
108.92
109.81
110.43
111.09
111.32
111.88
112.25
111.89
112.18
112.30
112.54
113.16
113.51
114.13
114.83
114.82
114.96
115.45
115.65
116.14
116.60
116.90
117.25
117.14
117.44
117.57
116.98
117.05
116.98
117.12
117.63
117.78
118.24
118.69
118.92
119.26
119.13
119.33
119.37
118.69
118.64
118.47
118.48
118.89
118.99
119.43
119.85
120.05
120.37
120.23
120.41
120.38
119.68
119.68
119.54
119.58
119.98
120.02
120.35
120.68
120.86
121.12
120.86
121.00
120.99
120.29
120.24
120.02
119.99
120.33
120.32
120.60
120.95
121.14
121.40
121.20
121.33
121.27
120.53
120.50
120.29
120.27
120.62
120.61
120.42
120.41
120.26
120.34
120.82
120.89
121.24
121.59
121.74
121.97
121.68
121.85
121.87
121.08
120.97
120.74
120.21
120.63
120.73
120.11
120.19
120.07
120.13
120.54
120.60
120.99
121.38
121.56
121.81
121.55
121.63
121.57
121.11
121.33
121.61
121.43
121.57
121.52
120.79
120.72
120.48
120.48
120.90
121.00
121.49
121.91
122.06
122.39
122.52
122.34
122.48
122.65
122.65
122.79
122.57
122.70
122.53
121.70
121.59
121.37
121.33
121.62
121.57
121.33
121.23
120.96
120.89
121.24
121.29
121.63
121.98
122.12
122.34
122.09
122.20
122.11
121.24
121.11
121.48
121.36
121.68
121.77
121.00
120.95
120.82
120.86
121.27
121.32
121.71
122.10
122.22
122.53
122.64
122.49
122.66
122.85
122.86
122.98
122.68
122.75
122.62
121.77
121.61
121.38
121.34
122.14
122.06
121.38
121.37
121.08
121.04
121.42
121.44
121.77
122.04
122.18
122.44
122.22
122.41
122.34
121.77
121.94
122.24
122.01
122.13
122.13
121.40
121.29
121.06
121.02
121.41
121.43
121.22
121.18
121.02
121.03
121.41
121.44
121.76
122.09
122.26
122.51
122.24
122.38
122.36
121.55
121.47
121.83
121.66
121.83
121.79
121.06
121.05
120.90
120.93
121.33
121.32
121.66
122.06
122.24
122.64
122.74
122.48
122.60
122.80
122.82
122.94
122.61
122.64
122.48
121.65
121.55
121.86
121.68
121.85
121.85
121.16
121.13
120.93
120.91
121.31
121.35
121.69
122.02
122.21
122.57
122.67
122.52
122.79
123.07
123.05
123.13
122.77
122.83
122.75
121.92
121.79
121.49
120.85
121.18
121.28
120.72
120.80
120.69
120.75
121.17
121.23
121.59
121.99
122.18
122.54
122.71
122.54
122.70
122.89
122.95
123.10
122.74
122.86
122.83
121.99
121.84
121.58
120.92
121.20
121.26
120.60
120.66
120.57
120.65
121.09
121.16
121.52
121.88
122.09
122.47
122.59
122.44
122.62
122.82
122.89
123.10
122.79
122.79
122.66
121.85
121.72
121.48
120.84
121.12
121.19
120.55
120.56
120.44
120.53
120.99
121.12
121.54
121.90
122.10
122.53
122.69
122.58
122.79
123.01
123.10
123.23
122.86
122.90
122.76
121.94
121.85
121.54
120.89
121.27
121.41
120.78
120.81
120.70
120.76
121.13
121.15
121.52
121.88
122.03
122.42
122.55
122.36
122.55
122.76
122.84
123.05
122.80
122.85
122.71
121.98
121.88
121.52
120.87
121.25
121.40
120.77
120.75
120.64
120.81
121.28
121.32
121.66
122.00
122.19
122.60
122.76
122.59
122.85
123.12
123.15
123.27
122.89
122.93
122.79
121.91
121.78
121.48
120.75
121.00
121.09
120.51
120.72
120.68
120.65
121.03
121.11
121.54
121.95
122.14
122.57
122.72
122.56
122.77
123.05
123.14
123.26
122.93
122.95
122.80
121.97
121.82
121.43
120.66
121.03
121.17
120.53
120.59
120.51
120.65
121.14
121.21
121.56
121.92
122.12
122.54
122.71
122.54
122.71
122.89
122.90
123.06
122.80
122.85
122.75
121.97
121.83
121.57
120.96
121.27
121.36
120.74
120.78
120.62
120.65
121.09
121.16
121.53
121.84
122.00
122.44
122.62
122.47
122.64
122.84
122.90
123.06
122.71
122.78
122.70
121.88
121.75
121.50
120.90
121.23
121.32
120.71
120.75
120.73
120.88
121.28
121.33
121.67
122.01
122.19
122.61
122.76
122.59
122.80
123.07
123.16
123.32
122.99
123.02
122.90
122.10
122.04
122.32
122.12
122.32
122.31
121.55
121.47
121.22
121.15
121.52
121.53
121.84
122.25
121.93
121.81
122.08
122.01
122.25
122.50
122.67
122.91
122.58
122.62
122.46
121.92
122.12
122.44
122.23
122.37
122.35
121.59
121.50
121.29
121.36
121.80
121.77
121.51
121.43
121.23
121.21
121.57
121.57
121.93
122.33
122.47
122.69
122.44
122.08
122.36
122.60
122.70
122.94
122.66
122.73
122.66
121.90
121.81
121.55
121.49
121.80
121.77
121.51
121.43
121.18
121.13
121.50
121.51
121.82
122.19
122.40
122.73
122.53
122.11
122.34
122.58
122.68
122.87
122.55
122.59
122.44
121.61
121.52
121.31
121.38
121.82
121.79
121.57
121.53
121.31
121.28
121.63
121.67
122.06
122.40
122.58
122.88
122.61
122.23
122.48
122.70
122.79
123.01
122.72
122.79
122.67
121.85
121.82
121.61
121.54
121.85
121.81
121.54
121.46
121.25
121.23
121.58
121.58
121.89
122.15
122.31
122.61
122.37
122.53
122.49
121.99
122.18
122.44
122.18
122.27
122.26
121.55
121.47
121.22
121.15
121.52
121.53
121.30
121.25
121.03
121.00
121.39
121.41
121.79
122.17
122.33
122.57
122.29
122.37
123.02
123.16
123.18
123.35
123.00
122.98
122.82
122.03
121.92
121.60
121.48
121.80
121.77
121.55
121.51
121.30
121.27
121.62
121.61
121.91
122.22
122.37
122.61
122.28
122.31
122.92
123.02
123.06
123.24
122.92
122.96
122.90
122.14
122.12
121.88
121.72
122.00
121.94
121.65
121.50
121.20
121.14
121.50
121.52
121.88
122.24
122.39
122.62
122.38
122.08
122.36
122.60
122.70
122.88
122.56
122.65
122.59
121.79
121.67
121.39
121.41
121.89
121.90
121.61
121.52
121.26
121.19
121.60
121.65
121.99
122.34
122.48
122.85
122.68
122.24
122.45
122.67
122.76
122.94
122.61
122.64
122.53
121.73
121.62
121.35
121.27
121.62
121.19
120.60
120.75
120.75
120.80
121.22
121.32
121.76
122.14
122.31
122.55
122.28
121.89
122.15
122.42
122.55
122.75
122.49
122.59
122.48
121.70
121.59
121.37
120.79
121.13
121.24
120.63
120.68
120.59
120.61
121.01
121.19
121.65
121.99
122.18
122.60
122.75
122.63
122.88
123.10
123.18
123.44
123.14
123.15
122.93
121.94
121.86
122.27
122.09
122.19
122.10
121.33
121.28
121.05
121.01
121.40
121.48
121.79
122.16
121.85
121.79
122.17
122.13
122.35
122.59
122.70
122.88
122.60
122.84
122.87
122.31
122.45
122.68
122.38
122.50
122.46
121.68
121.63
121.45
121.40
121.73
121.76
121.54
121.46
121.25
121.23
121.58
121.63
122.08
122.47
122.59
122.84
122.57
122.15
122.37
122.60
122.76
123.09
122.83
122.88
122.79
122.01
121.90
121.59
121.52
121.94
121.93
121.65
121.55
121.33
121.35
121.74
121.72
122.05
122.44
122.61
122.86
122.64
122.29
122.59
122.90
123.06
123.29
122.96
122.94
122.74
121.92
121.83
121.57
121.60
122.01
122.00
121.79
121.72
121.48
121.47
121.85
121.81
122.08
122.36
122.49
122.71
122.41
122.06
122.39
122.68
122.82
123.04
122.74
122.79
122.66
121.85
121.72
121.48
121.47
121.84
121.81
121.58
121.54
121.32
121.34
121.73
121.71
122.00
122.29
122.43
122.71
122.51
122.18
122.45
122.72
122.86
123.07
122.77
122.83
122.70
121.84
121.71
121.47
121.52
121.94
121.89
121.61
121.56
121.39
121.35
121.69
121.72
122.05
122.39
122.57
122.82
122.56
122.13
122.36
122.59
122.75
123.08
122.83
122.83
122.64
121.79
121.62
121.30
121.17
121.53
121.17
120.62
120.82
120.81
120.85
121.26
121.31
121.65
122.04
122.27
122.57
122.68
122.57
122.83
123.11
123.13
123.26
122.92
123.01
122.90
122.10
122.03
122.36
122.21
122.35
122.28
121.57
121.53
121.31
121.28
121.68
121.76
122.09
122.47
122.11
121.96
122.26
122.26
122.57
122.93
123.08
123.26
122.98
123.00
122.84
122.28
122.43
122.71
122.50
122.59
122.49
121.75
121.68
121.44
121.50
121.92
121.92
121.73
121.67
121.43
121.38
121.76
121.83
122.15
122.42
122.60
122.95
122.76
122.36
122.55
122.76
122.89
123.10
122.79
122.89
122.80
121.96
121.87
121.66
121.57
121.88
121.42
120.88
121.04
120.90
120.88
121.34
121.42
121.80
122.17
122.34
122.68
122.49
122.07
122.30
122.55
122.66
122.90
122.62
122.71
122.64
121.83
121.76
121.56
121.54
121.90
121.86
121.58
121.54
121.38
121.33
121.67
121.66
122.00
122.40
122.58
122.78
122.47
122.11
122.44
122.77
122.99
123.29
122.96
122.94
122.78
122.00
121.90
121.72
121.72
122.05
121.61
121.00
121.14
121.09
121.09
121.46
121.53
121.89
122.20
122.36
122.69
122.55
122.22
122.48
122.75
122.88
123.09
122.83
122.93
122.83
121.99
121.89
121.67
121.59
121.89
121.85
121.62
121.62
121.44
121.39
121.72
121.70
122.04
122.38
122.51
122.77
122.52
122.15
122.42
122.70
122.88
123.25
123.07
123.13
123.00
122.14
121.97
121.74
121.69
122.02
121.59
121.03
121.16
121.05
121.11
121.58
121.68
122.07
122.46
122.63
122.87
122.88
122.69
122.84
123.00
123.05
123.18
122.86
122.95
122.89
122.09
121.93
122.23
122.10
122.36
122.40
121.67
121.61
121.43
121.43
121.80
121.87
122.23
122.64
122.26
122.09
122.32
122.26
122.57
122.88
122.99
123.18
122.91
123.05
122.99
122.42
122.54
122.80
122.59
122.66
122.55
121.80
121.78
121.58
121.51
121.82
121.83
121.61
121.52
121.26
121.19
121.55
121.56
121.92
122.32
122.51
122.78
122.52
122.20
122.56
122.87
122.98
123.18
122.91
122.99
122.84
122.00
121.90
121.63
121.61
122.01
121.58
120.97
121.07
120.97
120.99
121.38
121.46
121.88
122.24
122.50
122.81
122.50
122.13
122.40
122.64
122.78
123.06
122.81
122.91
122.81
122.02
121.92
121.64
121.56
121.92
121.50
120.90
120.96
120.83
120.92
121.37
121.40
121.78
122.16
122.32
122.56
122.29
121.90
122.16
122.43
122.60
122.90
122.58
122.62
122.57
121.77
121.66
121.47
121.46
121.83
121.42
120.79
120.87
120.80
120.90
121.35
121.39
121.72
122.05
122.23
122.59
122.45
122.09
122.32
122.56
122.67
122.91
122.68
122.80
122.72
121.94
121.90
121.77
121.82
122.19
121.68
121.02
121.11
121.00
121.07
121.50
121.51
121.83
122.14
122.36
122.65
122.40
122.05
122.33
122.63
122.73
122.96
122.67
122.75
122.68
121.86
121.73
121.49
121.43
121.75
121.31
120.74
120.87
120.80
120.90
121.35
121.44
121.81
122.13
122.35
122.64
122.68
122.62
122.82
122.99
123.03
123.17
122.85
122.95
122.84
122.05
121.94
122.24
122.15
122.39
122.37
121.60
121.51
121.34
121.35
121.69
121.72
122.05
122.44
122.09
121.94
122.19
122.15
122.42
122.70
122.89
123.10
122.74
122.75
122.62
122.10
122.38
122.77
122.56
122.69
122.58
121.79
121.77
121.56
121.50
121.86
121.45
120.86
120.93
120.80
120.84
121.25
121.35
121.74
122.07
122.24
122.65
122.80
122.67
122.97
123.22
123.23
123.34
122.95
122.93
122.78
121.95
121.81
122.12
122.01
122.22
122.18
121.44
121.47
121.31
121.28
121.68
121.71
122.05
122.49
122.13
121.98
122.27
122.22
122.43
122.66
122.80
123.02
122.68
122.75
122.68
122.20
122.46
122.78
122.52
122.62
122.61
121.90
121.86
121.65
121.62
122.02
121.59
120.93
121.09
121.09
121.15
121.61
121.71
122.09
122.42
122.55
122.81
122.88
122.74
122.92
123.18
123.25
123.40
123.05
123.02
122.85
122.06
122.00
122.34
122.19
122.33
122.26
121.51
121.48
121.32
121.34
121.78
121.85
121.67
121.62
121.39
121.34
121.73
121.81
122.13
122.40
122.53
122.74
122.48
122.16
122.48
122.76
122.94
123.24
122.96
123.04
122.88
122.04
121.93
121.75
121.74
122.02
121.58
120.97
121.02
120.98
121.04
121.42
121.45
121.82
122.19
122.40
122.73
122.53
122.20
122.46
122.69
122.77
122.95
122.66
122.73
122.61
121.85
121.77
121.56
121.59
122.41
122.33
121.61
121.67
121.53
121.47
121.84
121.85
122.11
122.44
122.61
122.86
122.92
122.88
123.14
123.37
123.46
123.63
123.30
123.33
123.17
122.28
122.09
122.37
122.21
122.40
122.38
121.65
121.60
121.38
121.33
121.72
121.80
122.17
122.64
122.36
122.27
122.53
122.44
122.72
122.96
123.00
123.15
122.83
122.93
122.83
122.28
122.43
122.70
122.50
122.65
122.59
121.83
121.75
121.51
121.45
121.82
121.41
120.83
120.90
120.77
120.82
121.28
121.38
121.71
122.04
122.23
122.69
122.93
122.83
123.05
123.29
123.34
123.48
123.12
123.13
123.00
122.19
122.11
122.43
122.27
122.39
122.32
121.56
121.52
121.36
121.37
121.81
121.41
120.92
121.12
121.01
121.02
121.41
121.48
121.85
122.21
122.47
122.74
122.77
122.65
122.85
123.12
123.24
123.40
123.00
123.03
123.00
122.23
122.05
122.33
122.14
122.23
122.18
121.44
121.42
121.27
121.25
121.70
121.78
122.05
122.44
122.09
121.94
122.34
122.38
122.62
122.92
123.03
123.16
122.89
123.03
122.87
122.32
122.56
122.82
122.50
122.49
122.35
121.63
121.63
121.45
121.45
121.88
121.46
120.92
121.12
121.07
121.07
121.45
121.52
121.93
122.29
122.48
122.80
122.54
122.12
122.40
122.73
122.86
123.02
122.68
122.75
122.64
121.78
121.67
121.95
121.81
122.06
122.08
121.36
121.30
121.16
121.20
121.56
121.56
121.92
122.32
121.99
121.90
122.16
122.12
122.40
122.63
122.73
122.96
122.67
122.75
122.72
122.23
122.38
122.67
122.47
122.57
122.47
121.73
121.67
121.47
121.52
121.88
121.46
120.87
120.89
120.76
120.87
121.37
121.50
121.92
122.32
122.51
122.78
122.80
122.67
122.92
123.18
123.24
123.40
123.10
123.16
123.02
122.21
122.12
122.44
122.23
122.37
122.36
121.63
121.58
121.36
121.32
121.71
121.79
122.17
122.58
122.21
122.05
122.33
122.27
122.53
122.80
122.87
123.08
122.82
122.92
122.82
122.27
122.42
122.65
122.36
122.48
122.45
121.71
121.65
121.42
121.42
121.85
121.44
120.90
121.06
120.96
120.98
121.42
121.54
121.95
122.35
122.59
122.89
122.90
122.76
122.99
123.24
123.35
123.54
123.22
123.20
123.01
122.19
122.11
122.44
122.23
122.42
122.41
121.63
121.64
121.50
121.54
121.90
121.90
121.72
121.70
121.51
121.50
121.92
121.92
122.23
122.59
122.79
123.06
122.81
122.44
122.72
122.96
123.01
123.15
122.83
122.93
122.83
121.99
121.84
121.58
121.51
122.34
122.33
121.61
121.62
121.44
121.44
121.87
121.87
122.13
122.46
122.05
121.97
122.31
122.26
122.51
122.78
122.86
123.07
122.86
123.00
122.94
122.41
122.54
122.80
122.59
122.72
122.70
121.97
121.87
121.60
121.58
121.99
121.56
120.95
121.05
120.96
120.98
121.37
121.45
121.82
122.19
122.45
122.72
122.47
122.15
122.47
122.80
122.97
123.22
122.90
122.94
122.84
122.05
121.99
121.75
121.66
122.41
122.33
121.62
121.57
121.39
121.45
121.82
121.79
122.11
122.49
122.66
123.00
123.15
123.02
123.16
123.33
123.37
123.51
123.19
123.35
123.30
122.68
122.77
122.99
122.75
122.80
122.67
121.86
121.73
121.48
121.43
121.80
121.87
121.68
121.63
121.40
121.35
121.74
121.81
122.13
122.45
122.63
122.82
122.84
122.70
122.84
123.01
123.05
123.24
122.91
122.95
122.85
122.06
122.00
121.76
121.08
121.39
121.47
120.83
120.95
120.91
121.04
121.47
121.54
121.95
122.40
122.06
121.92
122.22
122.18
122.39
122.73
122.96
123.21
122.93
123.02
122.95
122.47
122.69
122.98
122.74
122.85
122.76
121.98
121.93
121.80
121.79
122.11
121.71
121.22
121.38
121.23
121.21
121.72
121.90
122.26
122.51
122.58
122.99
123.19
123.00
123.10
123.23
123.24
123.34
123.00
123.07
122.95
122.43
122.61
122.91
122.73
122.84
122.75
121.98
121.88
121.61
121.53
122.36
122.34
121.62
121.63
121.49
121.48
121.85
121.91
122.37
122.77
122.27
122.10
122.38
122.36
122.60
122.85
122.96
123.16
122.89
122.98
123.65
123.75
123.79
123.97
123.54
123.48
123.30
122.40
122.24
121.97
121.90
122.72
122.65
121.94
121.94
121.76
121.81
122.24
122.24
122.55
122.86
122.40
122.26
122.57
122.52
122.79
123.12
123.29
123.49
123.18
123.22
123.08
122.54
122.75
123.03
122.78
122.89
122.80
122.01
121.96
121.73
121.58
121.84
121.38
120.75
120.89
120.87
120.95
121.40
121.48
121.90
122.31
122.50
122.82
122.94
122.79
123.02
123.32
123.36
123.55
123.28
123.31
123.16
122.27
122.18
122.50
122.37
122.74
122.78
121.99
122.05
121.95
121.93
122.23
122.19
122.50
122.87
122.50
122.40
122.68
122.57
122.78
123.01
123.05
123.24
122.96
122.98
122.78
122.19
122.35
122.64
122.45
122.60
122.55
121.75
121.64
121.41
121.41
121.79
121.35
120.77
120.90
120.82
120.86
121.27
121.37
121.80
122.23
122.48
122.96
123.11
122.94
123.09
123.22
123.28
123.49
123.17
123.22
123.08
122.20
122.03
122.31
122.21
122.50
122.52
121.73
121.62
121.39
121.40
121.78
121.75
122.08
122.51
122.20
122.14
122.41
122.34
122.58
122.89
123.04
123.23
122.91
122.95
122.89
122.37
122.51
122.77
122.52
122.56
122.46
121.68
121.57
121.35
121.31
121.66
121.23
120.67
120.81
120.75
120.80
121.27
121.36
121.70
122.08
122.31
122.76
122.99
122.93
123.19
123.36
123.40
123.59
123.26
123.29
123.18
122.34
122.14
122.46
122.35
122.57
122.58
121.82
121.75
121.54
121.58
121.93
121.93
122.23
122.64
122.31
122.13
122.41
122.33
122.53
122.74
122.82
123.04
122.74
122.29
122.49
122.76
122.99
123.29
123.00
123.07
123.04
122.31
122.16
121.85
121.74
122.02
121.63
121.10
121.13
120.97
120.99
121.43
121.60
122.05
122.39
122.57
122.83
122.84
122.76
122.99
123.24
123.30
123.44
123.14
123.19
123.05
122.18
122.01
122.29
122.15
122.35
122.33
121.62
121.57
121.35
121.36
121.75
121.78
122.15
122.62
122.30
122.12
122.30
122.19
122.51
122.78
122.85
123.07
122.81
122.91
123.54
123.65
123.70
123.89
123.57
123.50
123.27
122.37
122.21
121.99
121.96
122.26
121.74
121.21
121.36
121.27
121.34
121.83
121.94
122.29
122.59
122.70
123.04
123.18
123.04
123.23
123.45
123.52
123.74
123.39
123.36
123.16
122.27
122.18
122.49
122.32
122.44
122.36
121.64
121.64
121.46
121.51
121.93
121.88
121.64
121.59
121.37
121.38
121.77
121.79
122.16
122.53
122.69
122.93
122.98
122.83
123.00
123.25
123.35
123.55
123.22
123.21
123.01
122.20
122.07
122.34
122.19
122.44
122.47
121.78
121.80
121.60
121.53
121.84
121.85
122.16
122.53
122.17
122.01
122.30
122.34
122.69
122.98
123.07
123.20
122.88
122.97
122.87
122.31
122.45
122.72
122.47
122.58
122.53
121.74
121.63
121.40
121.35
121.74
121.35
120.77
120.85
120.73
120.84
121.30
121.39
121.82
122.19
122.35
122.80
122.97
122.82
123.04
123.28
123.39
123.52
123.15
123.26
123.17
122.28
122.14
122.46
122.29
122.47
122.48
121.79
121.77
121.56
121.55
121.96
121.95
122.20
122.61
122.29
122.12
122.34
122.23
122.44
122.67
122.76
122.93
122.60
122.63
122.52
122.02
122.15
122.32
121.98
122.06
121.90
121.02
120.87
120.52
120.32
120.46
120.24
120.35
120.48
120.45
120.52
120.12
119.98
119.64
118.66
118.30
117.79
117.49
117.66
117.49
117.47
117.47
117.37
117.37
116.86
116.65
116.73
116.60
116.59
116.39
116.40
115.96
115.23
114.41
113.39
113.04
112.59
112.29
112.34
112.09
112.13
112.16
112.02
111.94
111.41
111.16
110.77
109.81
109.38
109.37
109.40
108.97
108.88
108.64
107.73
107.43
107.51
107.53
107.12
107.00
106.73
105.84
105.45
105.44
105.47
105.07
104.96
105.07
104.97
104.89
104.71
104.12
103.63
103.49
103.14
103.07
102.76
102.28
101.72
101.35
101.12
101.03
100.80
100.43
100.42
100.32
100.29
100.30
100.15
99.73
98.98
98.11
97.71
97.68
97.68
97.75
97.65
97.29
96.61
95.80
95.45
95.44
95.07
94.81
94.84
94.95
94.67
94.28
94.27
94.11
93.62
93.18
92.85
92.43
92.26
91.72
91.03
90.80
90.89
90.58
90.35
90.23
90.23
90.39
90.36
90.12
89.79
89.76
89.71
89.72
89.55
89.51
89.15
88.65
88.37
87.99
87.92
87.80
87.75
87.59
87.53
87.45
87.23
86.84
86.36
86.20
85.66
85.28
84.99
84.48
84.20
83.64
82.99
82.71
82.67
82.31
81.99
82.10
82.06
82.14
82.19
82.07
81.78
81.36
81.23
80.78
80.38
80.43
80.31
80.32
80.31
80.15
79.82
79.35
79.20
78.75
78.31
78.33
78.22
78.20
78.15
77.94
77.60
77.13
76.93
76.79
76.64
76.57
76.21
75.71
75.43
74.86
74.53
74.35
74.08
74.05
73.67
73.30
73.37
73.15
73.05
73.07
72.51
72.18
72.01
71.67
71.60
71.25
70.89
70.95
70.74
70.34
70.10
69.65
69.41
69.27
68.98
68.93
68.94
68.64
68.39
68.21
67.85
67.92
67.95
67.46
67.17
67.01
66.72
66.62
66.57
66.24
66.00
65.79
65.42
65.48
65.50
65.00
64.72
64.55
64.24
64.15
64.11
63.77
63.43
63.47
63.26
62.90
62.94
62.95
62.46
62.16
61.99
61.69
61.57
61.53
61.20
60.85
60.89
60.69
60.32
60.34
60.33
60.07
59.63
59.38
59.22
58.93
58.84
58.80
58.47
58.15
58.17
57.96
57.61
57.63
57.62
57.14
56.85
56.67
56.36
56.24
56.16
56.10
55.77
55.45
55.45
55.23
54.88
54.87
54.83
54.57
54.15
53.90
53.73
53.44
53.32
53.25
52.93
52.38
52.13
52.19
52.03
51.73
51.75
51.96
51.92
51.47
51.17
50.96
50.66
50.51
50.39
50.30
49.97
49.66
49.60
49.59
49.36
49.02
48.98
49.12
49.03
48.57
48.25
48.25
48.03
47.71
47.54
47.40
47.29
46.96
46.63
46.54
46.50
46.27
45.92
45.71
45.69
45.63
45.38
44.99
44.74
44.57
44.20
43.97
43.88
43.81
43.74
43.45
42.98
42.76
42.78
42.82
42.65
42.36
42.32
42.44
42.35
42.10
41.72
41.45
41.45
41.26
40.97
40.79
40.64
40.52
40.42
40.12
39.83
39.73
39.67
39.64
39.42
39.09
38.86
38.80
38.72
38.47
38.11
37.66
37.47
37.32
37.03
36.83
36.73
36.63
36.56
36.49
36.24
35.83
35.62
35.58
35.57
35.58
35.40
35.12
34.93
34.88
34.96
34.86
34.61
34.27
33.84
33.65
33.66
33.51
33.27
33.11
32.97
32.85
32.74
32.63
32.36
31.96
31.74
31.68
31.63
31.60
31.42
31.10
30.83
30.62
30.58
30.65
30.72
30.62
30.38
30.06
29.67
29.48
29.45
29.29
29.02
28.82
28.67
28.55
28.44
28.34
28.23
28.12
27.88
27.52
27.31
27.23
27.17
27.11
27.06
26.88
26.58
26.33
26.13
25.98
25.92
25.96
25.86
25.63
25.44
25.17
24.84
24.56
24.43
24.42
24.29
24.07
23.88
23.73
23.61
23.51
23.40
23.30
23.19
23.07
22.97
22.75
22.44
22.17
22.01
21.94
21.89
21.83
21.77
21.72
21.55
21.29
21.06
20.86
20.68
20.53
20.46
20.47
20.48
20.48
20.36
20.12
19.92
19.67
19.36
19.10
18.88
18.75
18.71
18.68
18.55
18.35
18.19
18.04
17.90
17.76
17.64
17.51
17.38
17.28
17.18
17.06
16.92
16.80
16.69
16.50
16.23
16.00
15.81
15.64
15.53
15.46
15.41
15.36
15.29
15.21
15.14
15.08
14.93
14.70
14.50
14.33
14.19
14.03
13.86
13.72
13.60
13.49
13.43
13.40
13.38
13.36
13.34
13.20
12.96
12.75
12.58
12.43
12.30
12.13
11.91
11.72
11.57
11.43
11.31
11.21
11.11
11.03
10.96
10.90
10.85
10.75
10.60
10.48
10.37
10.28
10.20
10.14
9.99
9.78
9.59
9.43
9.30
9.19
9.09
9.00
8.89
8.76
8.65
8.55
8.47
8.40
8.34
8.29
8.24
8.21
8.07
7.84
7.65
7.49
7.35
7.23
7.13
7.04
6.97
6.90
6.85
6.74
6.59
6.45
6.34
6.24
6.16
6.09
6.03
5.97
5.93
5.89
5.86
5.83
5.81
5.79
5.77
5.64
5.40
5.19
5.01
4.87
4.74
4.63
4.54
4.46
4.39
4.33
4.28
4.24
4.20
4.17
4.14
4.12
4.10
4.09
4.07
4.06
3.98
3.84
3.72
3.62
3.53
3.45
3.39
3.34
3.29
3.25
3.22
3.19
3.16
3.14
3.12
3.11
3.09
3.08
3.07
3.06
3.06
3.05
3.05
3.04
3.04
3.04
3.03
3.03
3.03
3.03
3.03
3.02
3.02
3.02
3.02
3.02
3.02
3.02
3.02
3.02
3.02
3.02
3.02
3.02
3.02
3.02
3.02
3.02
3.02
3.02
3.02
3.02
3.02
3.02
3.02
3.02
3.02
3.02
3.02
3.02
3.02
3.02
3.02
3.02
3.02
3.02
3.02
3.02
3.02
3.02
3.02
3.02
3.02
3.02
3.02
3.02
3.02
3.02
3.02
3.02
3.02
3.02
3.02
3.02
3.02
3.02
3.02
3.02
3.02
3.02
3.02
3.02
3.02
3.02
3.02
3.02
3.02
3.02
3.02
3.02
3.02
3.02
3.02
3.02
3.02
3.02
3.02
3.02
3.02
3.02
3.02
3.02
3.02
3.02
3.02
3.02
3.02
3.02
3.02
3.02
3.02
3.02
3.02
3.02
3.02
3.02
3.02
3.02
3.02
3.02
3.02
3.02
3.02
3.02
3.02
3.02
3.02
3.02
3.02
3.02
3.02
3.02
3.02
3.02
3.02
3.02
3.02
3.02
3.02
3.02
3.02
3.02
3.02
3.02
3.02
3.02
3.02
3.02
3.02
3.02
3.02
3.02
3.02
3.02
3.02
3.02
3.02
3.02
3.02
3.02
3.02
3.02
3.02
3.02
3.02
3.02
3.02
3.02
3.02
3.02
3.02
3.02
3.02
3.02
3.02
3.02
3.02
3.02
3.02
3.02
3.02
3.02
3.02
3.02
3.02
3.02
3.02
3.02
3.02
3.02
3.02
3.02
3.02
3.02
3.02
3.02
3.02
3.02
3.02
3.02
3.02
3.02
3.02
3.02
3.02
3.02
3.02
3.02
3.02
3.02
3.02
3.02
3.02
3.02
3.02
3.02
3.02
3.02
3.02
3.02
3.02
3.02
3.02
3.02
3.02
3.02
3.02
3.02
3.02
3.02
3.02
3.02
3.02
3.02
3.02
3.02
3.02
3.02
3.02
3.02
3.02
3.02
3.02
3.02
3.02
3.02
3.02
3.02
3.02
3.02
3.02
3.02
3.02
3.02
3.02
3.02
3.02
3.02
3.02
3.02
3.02
3.02
3.02
3.02
3.02
3.02
3.02
3.02
3.02
3.02
3.02
3.02
3.02
3.02
3.02
3.02
3.02
3.02
3.02
3.02
3.02
3.02
3.02
3.02
3.02
3.02
3.02
3.02
3.02
3.02
3.02
3.02
3.02
3.02
3.02
3.02
3.02
3.02
3.02
3.02
3.02
3.02
3.02
3.02
3.02
3.02
3.02
3.02
3.02
3.02
3.02
3.02
3.02
3.02
3.02
3.02
3.02
3.02
3.02
3.02
3.02
3.02
3.02
3.02
3.02
3.02
3.02
3.02
3.02
3.02
3.02
3.02
3.02
3.02
3.02
3.02
3.02
3.02
3.02
3.02
3.02
3.02
3.02
3.02
3.02
3.02
3.02
3.02
3.02
3.02
3.02
3.02
3.02
3.02
3.02
3.02
3.02
3.02
3.02
3.02
3.02
3.02
3.02
3.02
3.02
3.02
3.02
3.02
3.02
3.02
3.02
3.02
3.02
3.02
3.02
3.02
3.02
3.02
3.02
3.02
3.02
3.02
3.02
3.02
3.02
3.02
3.02
3.02
3.02
3.02
3.02
3.02
3.02
3.02
3.02
3.02
3.02
3.02
3.02
3.02
3.02
3.02
3.02
3.02
3.02
3.02
3.02
3.02
3.02
3.02
3.02
3.02
3.02
3.02
3.02
3.02
3.02
3.02
3.02
3.02
3.02
3.02
3.02
3.02
3.02
3.02
3.02
3.02
3.02
3.02
3.02
3.02
3.02
3.02
3.02
3.02
3.02
3.02
3.02
3.02
3.02
3.02
3.02
3.02
3.02
3.02
3.02
3.02
3.02
3.02
3.02
3.02
3.02
3.02
3.02
3.02
3.02
3.02
3.02
3.02
3.02
3.02
3.02
3.02
3.02
3.02
3.02
3.02
3.02
3.02
3.02
3.02
3.02
3.02
3.02
3.02
3.02
3.02
3.02
3.02
3.02
3.02
3.02
3.02
3.02
3.02
3.02
3.02
3.02
3.02
3.02
3.02
3.02
3.02
3.02
3.02
3.02
3.02
3.02
3.02
3.02
3.02
3.02
3.02
3.02
3.02
3.02
3.02
3.02
3.02
3.02
3.02
3.02
3.02
3.02
3.02
3.02
3.02
3.02
3.02
3.02
3.02
3.02
3.02
3.02
3.02
3.02
3.02
3.02
3.02
3.02
3.02
3.02
3.02
3.02
3.02
3.02
3.02
3.02
3.02
3.02
3.02
3.02
3.02
3.02
3.02
3.02
3.02
3.02
3.02
3.02
3.02
3.02
3.02
3.02
3.02
3.02
3.02
3.02
3.02
3.02
3.02
3.02
3.02
3.02
3.02
3.02
3.02
3.02
3.02
3.02
3.02
3.02
3.02
3.02
3.02
3.02
3.02
3.02
3.02
3.02
3.02
3.02
3.02
3.02
3.02
3.02
3.02
3.02
3.02
3.02
3.02
3.02
3.02
3.02
2.80
2.41
4.08
7.51
11.14
14.94
18.47
21.98
25.79
29.69
33.41
37.20
40.91
44.16
47.26
50.61
53.51
56.10
58.83
61.21
63.64
66.31
68.80
70.86
72.86
75.23
77.35
79.54
81.25
82.39
83.88
85.60
86.89
88.21
89.82
91.51
92.70
93.28
94.25
95.56
96.95
98.29
99.37
100.13
101.17
102.20
103.08
103.50
104.03
104.92
105.48
106.28
107.12
107.84
108.58
108.81
109.36
109.75
109.49
109.87
110.08
110.43
111.14
111.53
112.21
112.88
113.36
113.90
114.02
114.50
114.78
114.34
114.48
115.05
115.22
115.70
115.95
115.51
115.75
115.78
115.95
116.54
116.75
117.27
117.81
118.12
118.48
118.38
118.63
118.68
118.05
118.05
117.88
117.93
118.42
118.59
119.03
119.46
119.77
120.18
120.02
120.19
120.20
119.52
119.49
119.34
119.40
119.82
119.89
120.29
120.73
120.95
121.19
120.93
121.00
120.94
120.24
120.25
120.13
120.12
120.49
120.60
120.99
121.33
121.52
121.77
121.52
121.66
122.41
122.64
122.69
122.77
122.42
122.42
122.29
121.53
121.40
121.11
121.01
121.34
121.38
121.66
121.95
122.14
122.56
122.68
122.42
122.55
122.76
122.84
123.05
122.76
122.76
122.64
121.87
121.79
121.53
120.88
121.22
121.33
120.67
120.71
120.61
120.68
121.12
121.19
121.55
121.95
122.20
122.61
122.76
122.59
122.75
122.98
123.07
123.20
122.83
122.83
122.65
121.79
121.67
121.44
120.85
121.18
121.28
120.72
120.80
120.69
120.75
121.18
121.28
121.73
122.16
122.38
122.82
123.04
122.88
122.99
123.14
123.16
123.33
123.04
123.05
122.88
122.03
121.93
122.23
122.05
122.26
122.30
121.63
121.58
121.36
121.32
121.66
121.65
121.40
121.34
121.15
121.14
121.51
121.52
121.83
122.20
122.41
122.69
122.49
122.17
122.49
122.76
122.99
123.34
123.05
123.11
122.99
122.13
121.96
121.72
121.73
122.58
122.58
121.92
121.97
121.79
121.69
122.03
122.01
122.25
122.51
122.62
122.87
122.93
122.83
123.05
123.24
123.25
123.41
123.06
123.07
122.91
122.02
121.87
122.17
122.00
122.23
122.29
121.58
121.59
121.41
121.37
121.70
121.68
122.02
122.46
122.16
122.05
122.33
122.32
122.62
122.87
122.98
123.18
122.81
122.81
122.68
122.20
122.41
122.63
122.39
122.50
122.36
121.60
121.55
121.38
121.38
121.71
121.28
120.76
120.89
120.76
120.86
121.37
121.45
121.83
122.25
122.45
122.82
122.99
122.89
123.15
123.43
123.51
123.63
123.24
123.28
123.17
122.38
122.27
122.57
122.39
122.55
122.51
121.72
121.66
121.47
121.42
121.80
121.81
122.08
122.46
122.11
121.96
122.21
122.17
122.49
122.76
122.84
123.05
122.75
122.82
123.51
123.68
123.72
123.86
123.49
123.49
123.27
122.37
122.21
121.90
121.78
122.57
122.52
121.78
121.76
121.56
121.49
121.86
121.87
122.13
122.45
122.62
123.02
123.17
122.99
123.19
123.41
123.54
123.76
123.45
123.50
123.32
122.75
122.93
123.18
122.86
122.91
122.82
122.03
121.92
121.65
121.57
121.92
121.50
120.95
121.10
121.00
121.06
121.50
121.56
121.97
122.36
122.60
123.00
123.15
123.02
123.21
123.43
123.51
123.63
123.24
123.28
123.13
122.58
122.74
122.92
122.63
122.76
122.69
121.92
121.83
121.57
121.50
121.86
121.54
121.03
121.12
121.01
121.02
121.46
121.57
121.98
122.38
122.61
122.91
122.97
122.86
123.08
123.32
123.36
123.50
123.18
123.23
123.09
122.26
122.12
122.39
122.19
122.39
122.42
121.69
121.63
121.45
121.49
121.91
121.96
121.76
121.70
121.46
121.46
121.93
121.98
122.22
122.48
122.65
122.94
122.99
122.84
122.96
123.16
123.23
123.39
123.09
123.15
123.02
122.20
122.07
122.34
122.29
122.61
122.62
121.86
121.83
121.66
121.68
122.12
122.19
121.96
121.86
121.60
121.52
121.88
121.89
122.15
122.47
122.69
122.93
122.64
122.40
122.78
123.06
123.20
123.41
123.11
123.16
123.03
122.21
122.08
121.78
121.10
121.40
121.52
120.92
120.98
120.84
120.88
121.29
121.38
121.76
122.14
121.83
121.82
122.19
122.20
122.51
122.78
122.85
123.07
122.81
122.91
122.82
122.27
122.42
122.69
122.49
122.64
122.58
121.83
121.80
121.60
121.52
121.88
121.47
120.88
121.09
121.09
121.15
121.67
121.75
122.03
122.37
122.55
122.76
122.78
122.71
123.00
123.30
123.40
123.59
123.26
123.35
123.24
122.39
122.23
122.48
122.36
122.63
122.63
121.87
121.83
121.67
121.63
121.98
122.02
121.81
121.79
121.63
121.60
121.95
121.99
122.28
122.58
122.84
123.16
122.94
122.60
122.85
123.12
123.25
123.45
123.14
123.25
123.20
122.45
122.38
122.09
121.40
121.71
121.79
121.15
121.17
121.05
121.10
121.53
121.58
121.94
122.39
122.05
121.96
122.31
122.30
122.60
122.91
123.01
123.20
122.93
123.01
122.95
122.47
122.64
122.94
122.75
122.86
122.77
121.99
121.94
121.71
121.68
122.07
121.67
121.14
121.26
121.14
121.13
121.60
121.74
122.12
122.50
122.66
123.01
123.15
123.02
123.22
123.43
123.46
123.64
123.40
123.46
123.28
122.71
122.85
123.06
122.81
122.91
122.86
122.11
121.99
121.71
121.67
122.06
121.62
121.01
121.05
120.95
121.02
121.50
121.66
122.05
122.44
122.66
123.11
123.29
123.19
123.41
123.55
123.51
123.63
123.29
123.27
123.07
122.48
122.65
122.94
122.66
122.79
122.81
122.07
122.01
121.82
121.81
122.13
121.68
121.10
121.28
121.26
121.29
121.73
121.81
122.18
122.55
122.76
123.19
123.31
123.11
123.29
123.50
123.51
123.63
123.39
123.61
123.52
122.92
123.07
123.31
123.02
123.09
122.97
122.15
122.03
121.78
121.73
122.06
121.62
121.01
121.10
121.04
121.10
121.52
121.63
122.02
122.41
122.64
123.09
123.23
122.99
123.14
123.37
123.51
123.73
123.38
123.45
123.33
122.76
122.88
123.14
122.93
123.01
122.90
122.10
121.98
121.70
121.66
122.01
121.53
120.97
121.07
120.96
121.08
121.61
121.75
122.19
122.60
122.75
123.09
123.22
123.08
123.21
123.38
123.41
123.54
123.22
123.26
123.16
122.65
122.80
123.07
122.87
122.96
122.86
122.06
121.95
121.72
121.67
122.01
121.62
121.05
121.14
121.08
121.12
121.49
121.51
121.87
122.29
122.53
123.00
123.20
123.06
123.25
123.46
123.48
123.71
123.46
123.47
123.29
122.72
122.91
123.16
122.90
122.98
122.92
122.16
122.09
121.88
121.87
122.75
122.69
121.92
121.93
121.70
121.67
122.16
122.27
122.58
122.89
123.05
123.44
123.57
123.38
123.52
123.64
123.59
123.65
123.26
123.29
123.18
122.68
122.82
123.03
122.79
122.89
122.80
121.96
121.87
121.65
121.63
121.98
121.50
120.90
121.06
121.06
121.16
121.58
121.63
122.03
122.42
122.64
122.94
122.94
122.74
122.93
123.19
123.30
123.50
123.18
123.23
123.13
122.34
122.24
122.54
122.41
122.67
122.67
121.90
121.86
121.65
121.57
121.92
121.97
122.32
122.71
122.33
122.20
122.51
122.48
122.75
123.08
123.21
123.37
123.08
123.14
123.05
122.51
122.63
122.87
122.60
122.63
122.52
121.78
121.76
121.56
121.54
121.90
121.44
120.85
121.02
120.98
121.05
121.53
121.64
122.03
122.42
122.60
122.90
123.01
122.85
122.97
123.17
123.29
123.49
123.17
123.22
123.08
122.20
122.08
122.45
122.34
122.62
122.68
121.91
121.92
121.75
121.71
122.04
122.03
121.82
121.74
121.54
121.52
121.88
121.94
122.29
122.64
122.89
123.20
122.93
122.54
122.81
123.03
123.12
123.35
123.10
123.20
123.06
122.24
122.10
121.80
121.70
122.50
122.46
121.73
121.72
121.48
121.38
121.86
122.02
122.36
122.70
122.89
123.30
123.41
123.19
123.36
123.55
123.62
123.77
123.37
123.34
123.18
122.58
122.73
123.02
122.77
122.88
122.78
122.00
121.90
121.63
121.60
121.96
121.48
120.84
120.91
120.88
120.96
121.45
121.62
122.02
122.41
122.59
122.94
123.10
122.97
123.17
123.40
123.43
123.61
123.33
123.35
123.15
122.56
122.76
123.04
122.75
122.81
122.77
122.03
121.93
121.70
121.71
122.09
121.65
121.03
121.12
121.01
121.08
121.56
121.66
122.05
122.44
122.66
123.11
123.24
123.05
123.24
123.45
123.53
123.70
123.40
123.51
123.38
122.80
122.97
123.22
122.94
123.02
122.96
122.15
121.98
121.69
121.61
122.42
122.44
121.80
121.77
121.57
121.54
121.95
122.04
122.38
122.72
122.90
123.32
123.47
123.29
123.45
123.63
123.68
123.82
123.51
123.55
123.36
122.78
122.91
123.11
122.85
122.95
122.84
122.10
122.03
121.74
121.65
122.51
122.53
121.78
121.76
121.61
121.63
122.03
122.11
122.49
122.81
122.36
122.22
122.58
122.59
122.84
123.11
123.24
123.45
123.14
123.19
123.83
123.95
124.01
124.16
123.74
123.71
123.50
122.61
122.47
122.16
121.47
121.76
121.84
121.19
121.26
121.13
121.13
121.50
121.56
121.97
122.46
122.16
122.06
122.39
122.33
122.57
122.93
123.13
123.36
123.11
122.74
122.98
123.23
123.34
123.53
123.21
123.25
123.15
122.40
122.29
122.54
122.36
122.58
122.59
121.83
121.86
121.69
121.61
122.00
122.09
121.88
121.84
121.67
121.69
122.03
122.01
122.35
122.70
122.88
123.14
122.88
122.50
122.77
123.00
123.10
123.38
123.13
123.18
123.05
122.22
122.14
121.88
121.23
121.62
121.76
121.13
121.15
121.04
121.09
121.51
121.62
122.02
122.41
122.02
121.93
122.29
122.23
122.49
122.82
122.93
123.14
122.87
122.96
122.90
122.44
122.66
122.95
122.72
122.83
122.75
121.97
121.92
121.70
121.72
122.68
122.67
121.90
121.86
121.65
121.62
122.02
122.05
122.44
122.87
122.46
122.26
122.47
122.44
122.77
123.15
123.37
123.56
123.23
122.80
123.03
123.27
123.38
123.56
123.28
123.42
123.30
122.44
122.33
122.04
121.32
121.54
121.59
120.93
120.99
120.90
120.98
121.48
121.59
121.94
122.39
122.14
122.09
122.37
122.30
122.60
122.91
123.01
123.20
122.93
122.55
122.81
123.08
123.21
123.48
123.22
123.31
123.21
122.46
122.43
122.18
121.53
121.87
122.03
121.40
121.38
121.23
121.26
121.66
121.79
122.22
122.68
122.39
122.25
122.50
122.57
122.93
123.23
123.39
123.63
123.39
122.99
123.19
123.41
123.49
123.66
123.32
123.40
123.29
122.43
122.32
122.66
122.56
122.80
122.78
122.04
121.98
121.74
121.74
122.13
122.14
121.92
121.83
121.61
121.64
122.08
122.16
122.48
122.80
122.97
123.32
123.42
123.25
123.41
123.60
123.65
123.85
123.58
123.62
123.46
122.91
123.02
123.26
123.07
123.24
123.24
122.48
122.36
122.07
121.98
122.33
121.98
121.50
121.52
121.35
121.41
121.84
121.90
122.26
122.61
122.81
123.29
123.50
123.32
123.52
123.80
123.87
124.04
123.70
123.67
124.23
124.30
124.25
124.42
124.07
123.99
123.78
122.89
122.66
122.32
121.65
121.92
121.97
121.30
121.35
121.21
121.25
121.70
121.83
122.25
122.66
122.32
122.24
122.50
122.51
122.94
123.25
123.35
123.54
123.22
122.84
123.11
123.34
123.44
123.62
123.28
123.31
123.20
122.45
122.33
122.62
122.53
122.83
122.85
122.06
122.05
121.86
121.80
122.22
122.28
122.58
122.99
122.61
122.44
122.72
122.75
123.09
123.27
123.32
123.57
123.30
122.91
123.17
123.39
123.48
123.65
123.31
123.39
123.33
122.60
122.51
122.72
122.52
122.71
122.75
122.01
121.96
121.77
121.77
122.10
122.07
122.41
122.84
122.48
122.33
122.63
122.62
122.98
123.33
123.48
123.70
123.41
122.95
123.16
123.38
123.47
123.64
123.35
123.42
123.25
122.44
122.37
122.71
122.56
122.81
122.84
122.04
121.99
121.75
121.71
122.10
122.12
121.90
121.91
121.74
121.70
122.19
122.30
122.60
122.81
122.83
123.20
123.37
123.21
123.37
123.57
123.57
123.63
123.25
122.81
123.04
123.28
123.49
123.76
123.41
123.48
123.35
122.58
122.54
122.22
121.52
121.81
121.92
121.30
121.30
121.16
121.25
121.71
121.74
121.52
121.54
121.42
121.47
121.89
121.99
122.39
122.72
122.91
123.16
123.13
122.96
123.21
123.48
123.55
123.72
123.37
123.39
123.22
122.66
122.80
123.02
122.78
122.88
122.79
122.01
121.95
121.77
121.77
122.15
121.70
121.16
121.33
121.19
121.23
121.69
121.77
122.15
122.52
122.73
123.17
123.44
123.37
123.51
123.74
123.77
123.85
123.48
123.48
124.08
124.17
124.14
124.32
124.03
124.06
123.85
122.91
122.67
122.33
122.20
122.93
122.83
122.04
121.98
121.75
121.65
122.00
122.03
122.37
122.71
122.84
123.22
123.38
123.27
123.48
123.65
123.70
123.84
123.47
123.48
123.34
122.81
122.98
123.23
122.95
123.08
123.02
122.15
122.03
121.79
121.69
122.50
122.46
121.77
121.80
121.59
121.57
121.98
121.97
122.27
122.62
122.82
123.25
123.41
123.24
123.46
123.64
123.64
123.84
123.53
123.52
123.34
122.81
123.03
123.22
122.89
123.04
122.98
122.16
122.09
121.84
121.84
122.26
121.84
121.23
121.29
121.21
121.29
121.74
121.86
122.28
122.63
122.77
123.15
123.43
123.41
123.60
123.76
123.79
123.92
123.54
123.11
123.34
123.54
123.61
123.81
123.59
123.78
123.67
122.76
122.59
122.90
122.72
122.83
122.75
121.92
121.79
121.58
121.55
121.86
121.92
121.78
121.76
121.60
121.57
121.98
122.07
122.40
122.69
122.83
123.15
123.22
123.08
123.26
123.47
123.55
123.71
123.36
123.38
123.22
122.66
122.85
123.17
122.95
123.08
123.06
122.24
122.05
121.80
121.80
122.17
121.72
121.14
121.26
121.18
121.26
121.71
121.79
122.17
122.54
122.12
122.08
122.51
122.52
122.79
123.07
123.20
123.42
123.16
123.25
123.88
124.00
124.05
124.24
123.87
123.81
123.63
122.77
122.60
122.28
122.16
122.95
122.85
122.10
122.08
121.83
121.78
122.25
122.35
122.59
122.90
123.11
123.49
123.62
123.42
123.55
123.77
123.85
124.02
123.68
123.71
123.55
122.99
123.19
123.46
123.20
123.24
123.14
122.35
122.25
121.98
121.35
121.77
121.89
121.24
121.30
121.21
121.29
121.69
121.77
122.20
122.61
122.28
122.21
122.52
122.63
122.98
123.18
123.30
123.55
123.27
122.84
123.06
123.30
123.40
123.58
123.25
123.29
123.18
122.43
122.36
122.12
121.48
121.77
121.89
121.28
121.33
121.24
121.32
121.76
121.83
122.20
122.66
122.38
122.29
122.59
122.54
122.81
123.08
123.16
123.33
123.08
122.72
122.96
123.21
123.33
123.57
123.34
123.52
123.49
122.65
122.50
122.82
122.70
122.92
122.92
122.21
122.22
122.05
122.01
122.30
122.25
122.01
122.01
121.82
121.77
122.15
122.16
122.48
122.81
122.98
123.43
123.62
123.42
123.56
123.77
123.85
123.97
123.59
123.57
123.38
122.80
122.97
123.32
123.13
123.19
123.05
122.32
122.32
122.08
121.44
121.80
121.92
121.31
121.40
121.30
121.32
121.66
121.70
121.54
121.55
121.38
121.40
121.83
121.89
122.25
122.61
122.81
123.08
123.11
123.03
123.28
123.48
123.56
123.77
123.51
123.55
123.36
122.84
123.05
123.29
123.00
123.07
122.95
122.15
122.02
121.78
121.78
122.15
121.70
121.07
121.11
121.00
121.11
121.63
121.82
122.24
122.60
122.80
123.23
123.44
123.32
123.47
123.70
123.79
123.97
123.63
123.61
123.46
122.91
123.07
123.35
123.11
123.16
123.08
122.29
122.20
121.94
121.87
122.70
122.68
121.95
121.96
121.83
121.82
122.19
122.20
122.51
122.93
122.56
122.40
122.64
122.53
122.80
123.07
123.21
123.42
123.11
122.70
122.94
123.20
123.31
123.51
123.19
123.24
123.09
122.22
122.04
122.32
122.17
122.37
122.35
121.72
121.81
121.65
121.66
122.06
121.62
121.00
121.10
120.99
121.01
121.35
121.38
121.82
122.24
121.91
121.89
122.25
122.25
122.56
122.87
123.03
123.32
123.08
122.63
122.83
123.10
123.23
123.44
123.18
123.27
123.12
122.29
122.14
122.41
122.30
122.57
122.58
121.97
122.07
121.82
121.77
122.19
121.79
121.29
121.48
121.32
121.29
121.64
121.68
122.07
122.45
122.67
123.12
123.30
123.20
123.42
123.70
123.84
123.97
123.58
123.57
124.10
124.13
124.16
124.29
123.85
123.86
123.68
122.76
122.65
122.37
121.65
121.92
122.01
121.43
121.51
121.39
121.39
121.77
121.84
122.21
122.67
122.34
122.26
122.62
122.62
122.92
123.18
123.30
123.50
123.23
122.89
123.16
123.38
123.47
123.64
123.35
123.53
123.50
122.80
122.77
123.00
122.89
123.12
123.00
122.18
122.05
121.80
121.80
122.17
122.23
122.59
123.00
122.71
122.56
122.77
122.80
123.12
123.35
123.44
123.67
123.43
123.12
123.40
123.59
123.64
123.85
123.58
123.66
123.56
122.80
122.73
122.38
121.66
121.93
122.02
121.39
121.43
121.32
121.39
121.82
121.83
122.15
122.68
122.44
122.34
122.63
122.68
123.02
123.27
123.32
123.47
123.15
122.74
122.97
123.27
123.43
123.61
123.27
123.36
123.30
122.53
122.40
122.63
122.44
122.76
122.85
122.10
122.03
121.79
121.79
122.16
122.13
121.86
121.82
121.62
121.59
121.95
121.94
122.29
122.64
122.84
123.11
123.13
123.01
123.25
123.52
123.53
123.75
123.50
123.50
123.32
122.46
122.34
122.58
122.34
122.46
122.37
121.60
121.46
121.16
121.11
121.43
121.36
121.06
120.95
120.64
120.52
120.78
120.66
120.85
121.01
120.99
121.03
120.56
120.40
120.10
119.13
118.84
118.38
118.08
118.31
118.18
118.16
118.14
118.03
118.03
117.55
117.37
117.43
116.73
116.23
116.17
116.22
115.83
115.20
114.43
113.48
113.15
112.65
112.34
112.47
112.29
112.34
112.34
112.21
112.19
111.73
111.60
111.27
110.30
109.96
110.02
110.07
109.66
109.55
109.25
108.29
107.99
107.55
107.06
106.71
106.73
106.57
105.80
105.60
105.71
105.81
105.47
105.45
105.24
104.83
104.84
104.70
104.66
104.20
104.04
104.06
103.90
103.76
103.53
102.95
102.50
102.36
101.97
101.26
100.40
100.08
100.15
100.25
99.89
99.75
99.85
99.76
99.47
99.06
98.51
98.04
97.69
97.56
97.65
97.56
97.26
96.87
96.84
96.78
96.32
95.78
95.51
94.90
94.13
93.82
93.87
93.94
94.06
94.02
94.08
93.74
93.29
93.25
93.04
92.52
92.05
91.67
91.22
91.00
90.45
89.77
89.51
89.57
89.28
89.06
88.92
88.91
89.07
88.50
87.82
87.50
87.49
87.19
86.98
86.86
86.85
87.00
86.43
85.76
85.50
85.49
85.17
84.89
84.67
84.32
84.18
83.73
83.51
83.61
83.57
83.63
83.66
83.71
83.42
83.25
83.27
82.66
81.93
81.59
81.53
81.16
80.82
80.57
80.21
80.34
80.43
80.39
80.16
79.78
79.69
79.29
78.86
78.53
78.13
78.25
78.33
78.26
78.00
77.61
77.49
77.07
76.69
76.73
76.47
76.37
76.39
75.80
75.47
75.44
75.27
75.19
74.79
74.46
74.21
73.78
73.84
73.87
73.34
72.69
72.41
72.34
72.34
72.01
71.75
71.56
71.18
71.27
71.33
70.81
70.53
70.52
70.38
70.32
69.93
69.55
69.59
69.36
68.97
68.73
68.25
67.98
67.84
67.55
67.48
67.46
67.14
66.82
66.88
66.69
66.33
66.12
65.67
65.40
65.27
65.00
64.93
64.92
64.61
64.29
64.35
64.15
63.80
63.84
63.87
63.39
63.08
62.91
62.61
62.52
62.48
62.14
61.79
61.84
61.63
61.26
61.30
61.31
60.82
60.52
60.33
60.03
59.93
59.86
59.81
59.47
59.14
59.18
58.97
58.61
58.63
58.61
58.13
57.83
57.62
57.30
57.18
57.10
56.75
56.41
56.40
56.18
55.81
55.60
55.62
55.62
55.16
54.88
54.70
54.40
54.28
54.19
54.12
53.80
53.48
53.48
53.26
52.90
52.89
53.08
53.02
52.53
52.21
51.98
51.57
51.32
51.21
51.14
50.83
50.52
50.47
50.46
50.24
49.90
49.88
50.04
49.96
49.50
49.18
49.18
48.96
48.65
48.48
48.35
48.26
47.92
47.57
47.52
47.55
47.33
46.96
46.89
47.02
46.92
46.45
46.12
46.09
45.86
45.54
45.34
45.18
45.06
44.73
44.21
43.96
43.95
43.97
43.78
43.46
43.26
43.24
43.19
42.95
42.59
42.35
42.17
41.83
41.61
41.50
41.41
41.34
41.27
41.00
40.73
40.65
40.61
40.41
40.04
39.78
39.74
39.86
39.78
39.54
39.18
38.92
38.91
38.72
38.44
38.25
38.11
37.99
37.88
37.59
37.14
36.90
36.85
36.81
36.80
36.60
36.30
36.09
36.03
36.10
36.00
35.74
35.39
35.13
35.09
34.89
34.55
34.31
34.16
34.03
33.91
33.80
33.71
33.44
33.04
32.83
32.78
32.75
32.56
32.23
31.99
31.81
31.77
31.85
31.76
31.53
31.34
31.04
30.65
30.48
30.50
30.36
30.10
29.91
29.78
29.66
29.56
29.45
29.34
29.09
28.73
28.41
28.25
28.22
28.19
28.17
28.01
27.73
27.50
27.33
27.18
27.14
27.20
27.10
26.89
26.59
26.23
25.92
25.77
25.76
25.63
25.41
25.21
25.06
24.94
24.84
24.74
24.65
24.54
24.43
24.33
24.11
23.79
23.51
23.35
23.30
23.25
23.19
23.15
22.98
22.71
22.48
22.29
22.12
21.98
21.93
21.95
21.97
21.86
21.63
21.44
21.18
20.87
20.60
20.45
20.40
20.36
20.33
20.20
19.98
19.80
19.64
19.49
19.36
19.23
19.09
18.98
18.88
18.77
18.63
18.51
18.30
18.01
17.77
17.55
17.42
17.34
17.28
17.22
17.16
17.07
17.00
16.95
16.79
16.55
16.34
16.17
15.99
15.81
15.67
15.54
15.47
15.44
15.43
15.41
15.27
15.03
14.83
14.65
14.51
14.31
14.06
13.86
13.68
13.53
13.42
13.34
13.27
13.21
13.16
13.05
12.88
12.74
12.63
12.52
12.44
12.30
12.11
11.96
11.82
11.71
11.61
11.50
11.36
11.25
11.16
11.07
11.00
10.87
10.68
10.52
10.38
10.26
10.16
10.08
9.93
9.73
9.56
9.41
9.28
9.18
9.09
9.01
8.90
8.76
8.65
8.55
8.46
8.39
8.33
8.28
8.23
8.15
8.03
7.93
7.84
7.77
7.70
7.65
7.60
7.56
7.53
7.50
7.35
7.10
6.88
6.70
6.54
6.41
6.29
6.20
6.11
6.04
5.98
5.93
5.88
5.85
5.81
5.69
5.50
5.33
5.19
5.07
4.96
4.87
4.80
4.73
4.68
4.63
4.59
4.56
4.53
4.50
4.48
4.46
4.45
4.43
4.42
4.41
4.40
4.40
4.39
4.38
4.38
4.38
4.37
4.37
4.37
4.37
4.36
4.36
4.36
4.36
4.36
4.36
4.36
4.36
4.36
4.36
4.36
4.36
4.36
4.36
4.36
4.36
4.36
4.35
4.35
4.35
4.35
4.35
4.35
4.35
4.35
4.35
4.35
4.35
4.35
4.35
4.35
4.35
4.35
4.35
4.35
4.35
4.35
4.35
4.35
4.35
4.35
4.35
4.35
4.35
4.35
4.35
4.35
4.35
4.35
4.35
4.35
4.35
4.35
4.35
4.35
4.35
4.35
4.35
4.35
4.35
4.35
4.35
4.35
4.35
4.35
4.35
4.35
4.35
4.35
4.35
4.35
4.35
4.35
4.35
4.35
4.35
4.35
4.35
4.35
4.35
4.35
4.35
4.35
4.35
4.35
4.35
4.35
4.00
3.33
2.77
2.29
1.87
1.52
1.22
0.96
0.74
0.55
0.39
0.26
0.14
0.04
-0.04
-0.12
-0.18
-0.23
-0.28
-0.32
-0.35
-0.38
-0.40
-0.42
-0.44
-0.45
-0.47
-0.48
-0.49
-0.50
-0.50
-0.51
-0.51
-0.52
-0.52
-0.52
-0.53
-0.53
-0.53
-0.53
-0.53
-0.53
-0.54
-0.54
-0.54
-0.54
-0.54
-0.54
-0.54
-0.54
-0.54
-0.54
-0.54
-0.54
-0.54
-0.54
-0.54
-0.54
-0.54
-0.54
-0.54
-0.54
-0.54
-0.54
-0.54
-0.54
-0.54
-0.54
-0.54
-0.54
-0.54
-0.54
-0.54
-0.54
-0.54
-0.54
-0.54
-0.54
-0.54
-0.54
-0.54
-0.54
-0.54
-0.54
-0.54
-0.54
-0.54
-0.54
-0.54
-0.54
-0.54
-0.54
-0.54
-0.54
-0.54
-0.54
-0.54
-0.54
-0.54
-0.54
-0.54
-0.54
-0.54
-0.54
-0.54
-0.54
-0.54
-0.54
-0.54
-0.54
-0.54
-0.54
-0.54
-0.54
-0.54
-0.54
-0.54
-0.54
-0.54
-0.54
-0.54
-0.54
-0.54
-0.54
-0.54
-0.54
-0.54
-0.54
-0.54
-0.54
-0.54
-0.54
-0.54
-0.54
-0.54
-0.54
-0.54
-0.54
-0.54
-0.54
-0.54
-0.54
-0.54
-0.54
-0.54
-0.54
-0.54
-0.54
-0.54
-0.54
-0.54
-0.54
-0.54
-0.54
-0.54
-0.54
-0.54
-0.54
-0.54
-0.54
-0.54
-0.54
-0.54
-0.54
-0.54
-0.54
-0.54
-0.54
-0.54
-0.54
-0.54
-0.54
-0.54
-0.54
-0.54
-0.54
-0.54
-0.54
-0.54
-0.54
-0.54
-0.54
-0.54
-0.54
-0.54
-0.54
-0.54
-0.54
-0.54
-0.54
-0.54
-0.54
-0.54
-0.54
-0.54
-0.54
-0.54
-0.54
-0.54
-0.54
-0.54
-0.54
-0.54
-0.54
-0.54
-0.54
-0.54
-0.54
-0.54
-0.54
-0.54
-0.54
-0.54
-0.54
-0.54
-0.54
-0.54
-0.54
-0.54
-0.54
-0.54
-0.54
-0.54
-0.54
-0.54
-0.54
-0.54
-0.54
-0.54
-0.54
-0.54
-0.54
-0.54
-0.54
-0.54
-0.54
-0.54
-0.54
-0.54
-0.54
-0.54
-0.54
-0.54
-0.54
-0.54
-0.54
-0.54
-0.54
-0.54
-0.54
-0.54
-0.54
-0.54
-0.54
-0.54
-0.54
-0.54
-0.54
-0.54
-0.54
-0.54
-0.54
-0.54
-0.54
-0.54
-0.54
-0.54
-0.54
-0.54
-0.54
-0.54
-0.54
-0.54
-0.54
-0.54
-0.54
-0.54
-0.54
-0.54
-0.54
-0.54
-0.54
-0.54
-0.54
-0.54
-0.54
-0.54
-0.54
-0.54
-0.54
-0.54
-0.54
-0.54
-0.54
-0.54
-0.54
-0.54
-0.54
-0.54
-0.54
-0.54
-0.54
-0.54
-0.54
-0.54
-0.54
-0.54
-0.54
-0.54
-0.54
-0.54
-0.54
-0.54
-0.54
-0.54
-0.54
-0.54
-0.54
-0.54
-0.54
-0.54
-0.54
-0.54
-0.54
-0.54
-0.54
-0.54
-0.54
-0.54
-0.54
-0.54
-0.54
-0.54
-0.54
-0.54
-0.54
-0.54
-0.54
-0.54
-0.54
-0.54
-0.54
-0.54
-0.54
-0.54
-0.54
-0.54
-0.54
-0.54
-0.54
-0.54
-0.54
-0.54
-0.54
-0.54
-0.54
-0.54
-0.54
-0.54
-0.54
-0.54
-0.54
-0.54
-0.54
-0.54
-0.54
-0.54
-0.54
-0.54
-0.54
-0.54
-0.54
-0.54
-0.54
-0.54
-0.54
-0.54
-0.54
-0.54
-0.54
-0.54
-0.54
-0.54
-0.54
-0.54
-0.54
-0.54
-0.54
-0.54
-0.54
-0.54
-0.54
-0.54
-0.54
-0.54
-0.54
-0.54
-0.54
-0.54
-0.54
-0.54
-0.54
-0.54
-0.54
-0.54
-0.54
-0.54
-0.54
-0.54
-0.54
-0.54
-0.54
-0.54
-0.54
-0.54
-0.54
-0.54
-0.54
-0.54
-0.54
-0.54
-0.54
-0.54
-0.54
-0.54
-0.54
-0.54
-0.54
-0.54
-0.54
-0.54
-0.54
-0.54
-0.54
-0.54
-0.54
-0.54
-0.54
-0.54
-0.54
-0.54
-0.54
-0.54
-0.54
-0.54
-0.54
-0.54
-0.54
-0.54
-0.54
-0.54
-0.54
-0.54
-0.54
-0.54
-0.54
-0.54
-0.54
-0.54
-0.54
-0.54
-0.54
-0.54
-0.54
-0.54
-0.54
-0.54
-0.54
-0.54
-0.54
-0.54
-0.54
-0.54
-0.54
-0.54
-0.54
-0.54
-0.54
-0.54
-0.54
-0.54
-0.54
-0.54
-0.54
-0.54
-0.54
-0.54
-0.54
-0.54
-0.54
-0.54
-0.54
-0.54
-0.54
-0.54
-0.54
-0.54
-0.54
-0.54
-0.54
-0.54
-0.54
-0.54
-0.54
-0.54
-0.54
-0.54
-0.54
-0.54
-0.54
-0.54
-0.54
-0.54
-0.54
-0.54
-0.54
-0.54
-0.54
-0.54
-0.54
-0.54
-0.54
-0.54
-0.54
-0.54
-0.54
-0.54
-0.54
-0.54
-0.54
-0.54
-0.54
-0.54
-0.54
-0.54
-0.54
-0.54
-0.54
-0.54
-0.54
-0.54
-0.54
-0.54
-0.54
-0.54
-0.54
-0.54
-0.54
-0.54
-0.54
-0.54
-0.54
-0.54
-0.54
-0.54
-0.54
-0.54
-0.54
-0.54
-0.54
-0.54
-0.54
-0.54
-0.54
-0.54
-0.54
-0.54
-0.54
-0.54
-0.54
-0.54
-0.54
-0.54
-0.54
-0.54
-0.54
-0.54
-0.54
-0.54
-0.54
-0.54
-0.54
-0.54
-0.54
-0.54
-0.54
-0.54
-0.54
-0.54
-0.54
-0.54
-0.54
-0.54
-0.54
-0.54
-0.54
-0.54
-0.54
-0.54
-0.54
-0.54
-0.54
-0.54
-0.54
-0.54
-0.54
-0.54
-0.54
-0.54
-0.54
-0.54
-0.54
-0.54
-0.54
-0.54
-0.54
-0.54
-0.54
-0.54
-0.54
-0.54
-0.54
-0.54
-0.54
-0.54
-0.54
-0.54
-0.54
-0.54
-0.54
-0.54
-0.54
-0.54
-0.54
-0.54
-0.54
-0.54
-0.54
-0.54
-0.54
-0.54
-0.54
-0.54
-0.54
-0.54
-0.54
-0.54
-0.54
-0.54
-0.54
-0.54
-0.54
-0.54
-0.54
-0.54
-0.54
-0.54
-0.54
-0.54
-0.54
-0.54
-0.54
-0.54
-0.54
-0.54
-0.54
-0.54
-0.54
-0.54
-0.54
-0.54
-0.54
-0.54
-0.54
-0.54
-0.54
-0.54
-0.54
-0.54
-0.54
-0.54
-0.54
-0.54
-0.54
-0.54
-0.54
-0.54
-0.54
-0.54
-0.54
-0.54
-0.54
-0.54
-0.54
-0.54
-0.54
-0.54
-0.54
-0.54
-0.54
-0.54
-0.54
-0.54
-0.54
-0.54
-0.54
-0.54
-0.54
-0.54
-0.54
-0.54
-0.54
-0.54
-0.54
-0.54
-0.54
-0.54
-0.54
-0.54
-0.54
-0.54
-0.54
-0.54
-0.54
-0.54
-0.54
-0.54
-0.54
-0.54
-0.54
-0.54
-0.54
-0.54
-0.54
-0.54
-0.54
-0.54
-0.54
-0.54
-0.54
-0.54
-0.54
-0.54
-0.54
-0.54
-0.54
-0.54
-0.54
-0.54
-0.54
-0.54
-0.54
-0.54
-0.54
-0.54
-0.54
-0.54
-0.54
-0.54
-0.54
-0.54
-0.54
-0.54
-0.54
-0.54
-0.54
-0.54
-0.54
-0.54
-0.54
-0.54
-0.54
-0.54
-0.54
-0.54
-0.54
-0.54
-0.54
-0.54
-0.54
-0.54
-0.54
-0.54
-0.54
-0.54
-0.54
-0.54
-0.54
-0.54
-0.54
-0.54
-0.54
-0.54
-0.54
-0.54
-0.54
-0.54
-0.54
-0.54
-0.54
-0.54
-0.54
-0.54
-0.54
-0.54
-0.54
-0.54
-0.54
-0.54
-0.54
-0.54
-0.54
-0.54
-0.54
-0.54
-0.54
-0.54
-0.54
-0.54
-0.54
-0.54
-0.54
-0.54
-0.54
-0.54
-0.54
-0.54
-0.54
-0.54
-0.54
-0.54
-0.54
-0.54
-0.54
-0.54
-0.54
-0.54
-0.54
-0.54
-0.54
-0.54
-0.54
-0.54
-0.54
-0.54
-0.54
-0.54
-0.54
-0.54
-0.54
-0.54
-0.54
-0.54
-0.54
-0.54
-0.54
-0.54
-0.54
-0.54
-0.54
-0.54
-0.54
-0.54
-0.54
-0.54
-0.54
-0.54
-0.54
-0.54
-0.54
-0.54
-0.54
-0.54
-0.54
-0.54
-0.54
-0.54
-0.54
-0.54
-0.54
-0.54
-0.54
-0.54
-0.54
-0.54
-0.54
-0.54
-0.54
-0.54
-0.54
-0.54
-0.54
-0.54
-0.54
-0.54
-0.54
-0.54
-0.54
-0.54
-0.54
-0.54
-0.54
-0.54
-0.54
-0.54
-0.54
-0.54
-0.54
-0.54
-0.54
-0.54
-0.54
-0.54
-0.54
-0.54
-0.54
-0.54
-0.54
-0.54
-0.54
-0.54
-0.54
-0.54
-0.54
-0.54
-0.54
-0.54
-0.54
-0.54
-0.54
-0.54
-0.54
-0.54
-0.54
-0.54
-0.54
-0.54
-0.54
-0.54
-0.54
-0.54
-0.54
-0.54
-0.54
-0.54
-0.54
-0.54
-0.54
-0.54
-0.54
-0.54
-0.54
-0.54
-0.54
-0.54
-0.54
-0.54
-0.54
-0.54
-0.54
-0.54
-0.54
-0.54
-0.54
-0.54
-0.54
-0.54
-0.54
-0.54
-0.54
-0.54
-0.54
-0.54
-0.54
-0.54
-0.54
-0.54
-0.54
-0.54
-0.54
-0.54
-0.54
-0.54
-0.54
-0.54
-0.54
-0.54
-0.54
-0.54
-0.54
-0.54
-0.54
-0.54
-0.54
-0.54
-0.54
-0.54
-0.54
-0.54
-0.54
-0.54
-0.54
-0.54
-0.54
-0.54
-0.54
-0.54
-0.54
-0.54
-0.54
-0.54
-0.54
-0.54
-0.54
-0.54
-0.54
-0.54
-0.54
-0.54
-0.54
-0.54
-0.54
-0.54
-0.54
-0.54
-0.54
-0.54
-0.54
-0.54
-0.54
-0.54
-0.54
-0.54
-0.54
-0.54
-0.54
-0.54
-0.54
-0.54
-0.54
-0.54
-0.54
-0.54
-0.54
-0.54
-0.54
-0.54
-0.54
-0.54
-0.54
-0.54
-0.54
-0.54
-0.54
-0.54
-0.54
-0.54
-0.54
-0.54
-0.54
-0.54
-0.54
-0.54
-0.54
-0.54
-0.54
-0.54
-0.54
-0.54
-0.54
-0.54
-0.54
-0.54
-0.54
-0.54
-0.54
-0.54
-0.54
-0.54
-0.54
-0.54
-0.54
-0.54
-0.54
-0.54
-0.54
-0.54
-0.54
-0.54
-0.54
-0.54
-0.54
-0.54
-0.54
-0.54
-0.54
-0.54
-0.54
-0.54
-0.54
-0.54
-0.54
-0.54
-0.54
-0.54
-0.54
-0.54
-0.54
-0.54
-0.54
-0.54
-0.54
-0.54
-0.54
-0.54
-0.54
-0.54
-0.54
-0.54
-0.54
-0.54
-0.54
-0.54
-0.54
-0.54
-0.54
-0.54
-0.54
-0.54
-0.54
-0.54
-0.54
-0.54
-0.54
-0.54
-0.54
-0.54
-0.54
-0.54
-0.54
-0.54
-0.54
-0.54
-0.54
-0.54
-0.54
-0.54
-0.54
-0.54
-0.54
-0.54
-0.54
-0.54
-0.54
-0.54
-0.54
-0.54
-0.54
-0.54
-0.54
-0.54
-0.54
-0.54
-0.54
-0.54
-0.54
-0.54
-0.54
-0.54
-0.54
-0.54
-0.54
-0.54
-0.54
-0.54
-0.54
-0.54
-0.54
-0.54
-0.54
-0.54
-0.54
-0.54
-0.54
-0.54
-0.54
-0.54
-0.54
-0.54
-0.54
-0.54
-0.54
-0.54
-0.54
-0.54
-0.54
-0.54
-0.54
-0.54
-0.54
-0.54
-0.54
-0.54
-0.54
-0.54
-0.54
-0.54
-0.54
-0.54
-0.54
-0.54
-0.54
-0.54
-0.54
-0.54
-0.54
-0.54
-0.54
-0.54
-0.54
-0.54
-0.54
-0.54
-0.54
-0.54
-0.54
-0.54
-0.54
-0.54
-0.54
-0.54
-0.54
-0.54
-0.54
-0.54
-0.54
-0.54
-0.54
-0.54
-0.54
-0.54
-0.54
-0.54
-0.54
-0.54
-0.54
-0.54
-0.54
-0.54
-0.54
-0.54
-0.54
-0.54
-0.54
-0.54
-0.54
-0.54
-0.54
-0.54
-0.54
-0.54
-0.54
-0.54
-0.54
-0.54
-0.54
-0.54
-0.54
-0.54
-0.54
-0.54
-0.54
-0.54
-0.54
-0.54
-0.54
-0.54
-0.54
-0.54
-0.54
-0.54
-0.54
-0.54
-0.54
-0.54
-0.54
-0.54
-0.54
-0.54
-0.54
-0.54
-0.54
-0.54
-0.54
-0.54
-0.54
-0.54
-0.54
-0.54
-0.54
-0.54
-0.54
-0.54
-0.54
-0.54
-0.54
-0.54
-0.54
-0.54
-0.54
-0.54
-0.54
-0.54
-0.54
-0.54
-0.54
-0.54
-0.54
-0.54
-0.54
-0.54
-0.54
-0.54
-0.54
-0.54
-0.54
-0.54
-0.54
-0.54
-0.54
-0.54
-0.54
-0.54
-0.54
-0.54
-0.54
-0.54
-0.54
-0.54
-0.54
-0.54
-0.54
-0.54
-0.54
-0.54
-0.54
-0.54
-0.54
-0.54
-0.54
-0.54
-0.54
-0.54
-0.54
-0.54
-0.54
-0.54
-0.54
-0.54
-0.54
-0.54
-0.54
-0.54
-0.54
-0.54
-0.54
-0.54
-0.54
-0.54
-0.54
-0.54
-0.54
-0.54
-0.54
-0.54
-0.54
-0.54
-0.54
-0.54
-0.54
-0.54
-0.54
-0.54
-0.54
-0.54
-0.54
-0.54
-0.54
-0.54
-0.54
-0.54
-0.54
-0.54
-0.54
-0.54
-0.54
-0.54
-0.54
-0.54
-0.54
-0.54
-0.54
-0.54
-0.54
-0.54
-0.54
-0.54
-0.54
-0.54
-0.54
-0.54
-0.54
-0.54
-0.54
-0.54
-0.54
-0.54
-0.54
-0.54
-0.54
-0.54
-0.54
-0.54
-0.54
-0.54
-0.54
-0.54
-0.54
-0.54
-0.54
-0.54
-0.54
-0.54
-0.54
-0.54
-0.54
-0.54
-0.54
-0.54
-0.54
-0.54
-0.54
-0.54
-0.54
-0.54
-0.54
-0.54
-0.54
-0.54
-0.54
-0.54
-0.54
-0.54
-0.54
-0.54
-0.54
-0.54
-0.54
-0.54
-0.54
-0.54
-0.54
-0.54
-0.54
-0.54
-0.54
-0.54
-0.54
-0.54
-0.54
-0.54
-0.54
-0.54
-0.54
-0.54
-0.54
-0.54
-0.54
-0.54
-0.54
-0.54
-0.54
-0.54
-0.54
-0.54
-0.54
-0.54
-0.54
-0.54
-0.54
-0.54
-0.54
-0.54
-0.54
-0.54
-0.54
-0.54
-0.54
-0.54
-0.54
-0.54
-0.54
-0.54
-0.54
-0.54
-0.54
-0.54
-0.54
-0.54
-0.54
-0.54
-0.54
-0.54
-0.54
-0.54
-0.54
-0.54
-0.54
-0.54
-0.54
-0.54
-0.54
-0.54
-0.54
-0.54
-0.54
-0.54
-0.54
-0.54
-0.54
-0.54
-0.54
-0.54
-0.54
-0.54
-0.54
-0.54
-0.54
-0.54
-0.54
-0.54
-0.54
-0.54
-0.54
-0.54
-0.54
-0.54
-0.54
-0.54
-0.54
-0.54
-0.54
-0.54
-0.54
-0.54
-0.54
-0.54
-0.54
-0.54
-0.54
-0.54
-0.54
-0.54
-0.54
-0.54
-0.54
-0.54
-0.54
-0.54
-0.54
-0.54
-0.54
-0.54
-0.54
-0.54
-0.54
-0.54
-0.54
-0.54
-0.54
-0.54
-0.54
-0.54
-0.54
-0.54
-0.54
-0.54
-0.54
-0.54
-0.54
-0.54
-0.54
-0.54
-0.54
-0.54
-0.54
-0.54
-0.54
-0.54
-0.54
-0.54
-0.54
-0.54
-0.54
-0.54
-0.54
-0.54
-0.54
-0.54
-0.54
-0.54
-0.54
-0.54
-0.54
-0.54
-0.54
-0.54
-0.54
-0.54
-0.54
-0.54
-0.54
-0.54
-0.54
-0.54
-0.54
-0.54
-0.54
-0.54
-0.54
-0.54
-0.54
-0.54
-0.54
-0.54
-0.54
-0.54
-0.54
-0.54
-0.54
-0.54
-0.54
-0.54
-0.54
-0.54
-0.54
-0.54
-0.54
-0.54
-0.54
-0.54
-0.54
-0.54
-0.54
-0.54
-0.54
-0.54
-0.54
-0.54
-0.54
-0.54
-0.54
-0.54
-0.54
-0.54
-0.54
-0.54
-0.54
-0.54
-0.54
-0.54
-0.54
-0.54
-0.54
-0.54
-0.54
-0.54
-0.54
-0.54
-0.54
-0.54
-0.54
-0.54
-0.54
-0.54
-0.54
-0.54
-0.54
-0.54
-0.54
-0.54
-0.54
-0.54
-0.54
-0.54
-0.54
-0.54
-0.54
-0.54
-0.54
-0.54
-0.54
-0.54
-0.54
-0.54
-0.54
-0.54
-0.54
-0.54
-0.54
-0.54
-0.54
-0.54
-0.54
-0.54
-0.54
-0.54
-0.54
-0.54
-0.54
-0.54
-0.54
-0.54
-0.54
-0.54
-0.54
-0.54
-0.54
-0.54
-0.54
-0.54
-0.54
-0.54
-0.54
-0.54
-0.54
-0.54
-0.54
-0.54
-0.54
-0.54
-0.54
-0.54
-0.54
-0.54
-0.54
-0.54
-0.54
-0.54
-0.54
-0.54
-0.54
-0.54
-0.54
-0.54
-0.54
-0.54
-0.54
-0.54
-0.54
-0.54
-0.54
-0.54
-0.54
-0.54
-0.54
-0.54
-0.54
-0.54
-0.54
-0.54
-0.54
-0.54
-0.54
-0.54
-0.54
-0.54
-0.54
-0.54
-0.54
-0.54
-0.54
-0.54
-0.54
-0.54
-0.54
-0.54
-0.54
-0.54
-0.54
-0.54
-0.54
-0.54
-0.54
-0.54
-0.54
-0.54
-0.54
-0.54
-0.54
-0.54
-0.54
-0.54
-0.54
-0.54
-0.54
-0.54
-0.54
-0.54
-0.54
-0.54
-0.54
-0.54
-0.54
-0.54
-0.54
-0.54
-0.54
-0.54
-0.54
-0.54
-0.54
-0.54
-0.54
-0.54
-0.54
-0.54
-0.54
-0.54
-0.54
-0.54
-0.54
-0.54
-0.54
-0.54
-0.54
-0.54
-0.54
-0.54
-0.54
-0.54
-0.54
-0.54
-0.54
-0.54
-0.54
-0.54
-0.54
-0.54
-0.54
-0.54
-0.54
-0.54
-0.54
-0.54
-0.54
-0.54
-0.54
-0.54
-0.54
-0.54
-0.54
-0.54
-0.54
-0.54
-0.54
-0.54
-0.54
-0.54
-0.54
-0.54
-0.54
-0.54
-0.54
-0.54
-0.54
-0.54
-0.54
-0.54
-0.54
-0.54
-0.54
-0.54
-0.54
-0.54
-0.54
-0.54
-0.54
-0.54
-0.54
-0.54
-0.54
-0.54
-0.54
-0.54
-0.54
-0.54
-0.54
-0.54
-0.54
-0.54
-0.54
-0.54
-0.54
-0.54
-0.54
-0.54
-0.54
-0.54
-0.54
-0.54
-0.54
-0.54
-0.54
-0.54
-0.54
-0.54
-0.54
-0.54
-0.54
-0.54
-0.54
-0.54
-0.54
-0.54
-0.54
-0.54
-0.54
-0.54
-0.54
-0.54
-0.54
-0.54
-0.54
-0.54
-0.54
-0.54
-0.54
-0.54
-0.54
-0.54
-0.54
-0.54
-0.54
-0.54
-0.54
-0.54
-0.54
-0.54
-0.54
-0.54
-0.54
-0.54
-0.54
-0.54
-0.54
-0.54
-0.54
-0.54
-0.54
-0.54
-0.54
-0.54
-0.54
-0.54
-0.54
-0.54
-0.54
-0.54
-0.54
-0.54
-0.54
-0.54
-0.54
-0.54
-0.54
-0.54
-0.54
-0.54
-0.54
-0.54
-0.54
-0.54
-0.54
-0.54
-0.54
-0.54
-0.54
-0.54
-0.54
-0.54
-0.54
-0.54
-0.54
-0.54
-0.54
-0.54
-0.54
-0.54
-0.54
-0.54
-0.54
-0.54
-0.54
-0.54
-0.54
-0.54
-0.54
-0.54
-0.54
-0.54
-0.54
-0.54
-0.54
-0.54
-0.54
-0.54
-0.54
-0.54
-0.54
-0.54
-0.54
-0.54
-0.54
-0.54
-0.54
-0.54
-0.54
-0.54
-0.54
-0.54
-0.54
-0.54
-0.54
-0.54
-0.54
-0.54
-0.54
-0.54
-0.54
-0.54
-0.54
-0.54
-0.54
-0.54
-0.54
-0.54
-0.54
-0.54
-0.54
-0.54
-0.54
-0.54
-0.54
-0.54
-0.54
-0.54
-0.54
-0.54
-0.54
-0.54
-0.54
-0.54
-0.54
-0.54
-0.54
-0.54
-0.54
-0.54
-0.54
-0.54
-0.54
-0.54
-0.54
-0.54
-0.54
-0.54
-0.54
-0.54
-0.54
-0.54
-0.54
-0.54
-0.54
-0.54
-0.54
-0.54
-0.54
-0.54
-0.54
-0.54
-0.54
-0.54
-0.54
-0.54
-0.54
-0.54
-0.54
-0.54
-0.54
-0.54
-0.54
-0.54
-0.54
-0.54
-0.54
-0.54
-0.54
-0.54
-0.54
-0.54
-0.54
-0.54
-0.54
-0.54
-0.54
-0.54
-0.54
-0.54
-0.54
-0.54
-0.54
-0.54
-0.54
-0.54
-0.54
-0.54
-0.54
-0.54
-0.54
-0.54
-0.54
-0.54
-0.54
-0.54
-0.54
-0.54
-0.54
-0.54
-0.54
-0.54
-0.54
-0.54
-0.54
-0.54
-0.54
-0.54
-0.54
-0.54
-0.54
-0.54
-0.54
-0.54
-0.54
-0.54
-0.54
-0.54
-0.54
-0.54
-0.54
-0.54
-0.54
-0.54
-0.54
-0.54
-0.54
-0.54
-0.54
-0.54
-0.54
-0.54
-0.54
-0.54
-0.54
-0.54
-0.54
-0.54
-0.54
-0.54
-0.54
-0.54
-0.54
-0.54
-0.54
-0.54
-0.54
-0.54
-0.54
-0.54
-0.54
-0.54
-0.54
-0.54
-0.54
-0.54
-0.54
-0.54
-0.54
-0.54
-0.54
-0.54
-0.54
-0.54
-0.54
-0.54
-0.54
-0.54
-0.54
-0.54
-0.54
-0.54
-0.54
-0.54
-0.54
-0.54
-0.54
-0.54
-0.54
-0.54
-0.54
-0.54
-0.54
-0.54
-0.54
-0.54
-0.54
-0.54
-0.54
-0.54
-0.54
-0.54
-0.54
-0.54
-0.54
-0.54
-0.54
-0.54
-0.54
-0.54
-0.54
-0.54
-0.54
-0.54
-0.54
-0.54
-0.54
-0.54
-0.54
-0.54
-0.54
-0.54
-0.54
-0.54
-0.54
-0.54
-0.54
-0.54
-0.54
-0.54
-0.54
-0.54
-0.54
-0.54
-0.54
-0.54
-0.54
-0.54
-0.54
-0.54
-0.54
-0.54
-0.54
-0.54
-0.54
-0.54
-0.54
-0.54
-0.54
-0.54
-0.54
-0.54
-0.54
-0.54
-0.54
-0.54
-0.54
-0.54
-0.54
-0.54
-0.54
-0.54
-0.54
-0.54
-0.54
-0.54
-0.54
-0.54
-0.54
-0.54
-0.54
-0.54
-0.54
-0.54
-0.54
-0.54
-0.54
-0.54
-0.54
-0.54
-0.54
-0.54
-0.54
-0.54
-0.54
-0.54
-0.54
-0.54
-0.54
-0.54
-0.54
-0.54
-0.54
-0.54
-0.54
-0.54
-0.54
-0.54
-0.54
-0.54
-0.54
-0.54
-0.54
-0.54
-0.54
-0.54
-0.54
-0.54
-0.54
-0.54
-0.54
-0.54
-0.54
-0.54
-0.54
-0.54
-0.54
-0.54
-0.54
-0.54
-0.54
-0.54
-0.54
-0.54
-0.54
-0.54
-0.54
-0.54
-0.54
-0.54
-0.54
-0.54
-0.54
-0.54
-0.54
-0.54
-0.54
-0.54
-0.54
-0.54
-0.54
-0.54
-0.54
-0.54
-0.54
-0.54
-0.54
-0.54
-0.54
-0.54
-0.54
-0.54
-0.54
-0.54
-0.54
-0.54
-0.54
-0.54
-0.54
-0.54
-0.54
-0.54
-0.54
-0.54
-0.54
-0.54
-0.54
-0.54
-0.54
-0.54
-0.54
-0.54
-0.54
-0.54
-0.54
-0.54
-0.54
-0.54
-0.54
-0.54
-0.54
-0.54
-0.54
-0.54
-0.54
-0.54
-0.54
-0.54
-0.54
-0.54
-0.54
-0.54
-0.54
-0.54
-0.54
-0.54
-0.54
-0.54
-0.54
-0.54
-0.54
-0.54
-0.54
-0.54
-0.54
-0.54
-0.54
-0.54
-0.54
-0.54
-0.54
-0.54
-0.54
-0.54
-0.54
-0.54
-0.54
-0.54
-0.54
-0.54
-0.54
-0.54
-0.54
-0.54
-0.54
-0.54
-0.54
-0.54
-0.54
-0.54
-0.54
-0.54
-0.54
-0.54
-0.54
-0.54
-0.54
-0.54
-0.54
-0.54
-0.54
-0.54
-0.54
-0.54
-0.54
-0.54
-0.54
-0.54
-0.54
-0.54
-0.54
-0.54
-0.54
-0.54
-0.54
-0.54
-0.54
-0.54
-0.54
-0.54
-0.54
-0.54
-0.54
-0.54
-0.54
-0.54
-0.54
-0.54
-0.54
-0.54
-0.54
-0.54
-0.54
-0.54
-0.54
-0.54
-0.54
-0.54
-0.54
-0.54
-0.54
-0.54
-0.54
-0.54
-0.54
-0.54
-0.54
-0.54
-0.54
-0.54
-0.54
-0.54
-0.54
-0.54
-0.54
-0.54
-0.54
-0.54
-0.54
-0.54
-0.54
-0.54
-0.54
-0.54
-0.54
-0.54
-0.54
-0.54
-0.54
-0.54
-0.54
-0.54
-0.54
-0.54
-0.54
-0.54
-0.54
-0.54
-0.54
-0.54
-0.54
-0.54
-0.54
-0.54
-0.54
-0.54
-0.54
-0.54
-0.54
-0.54
-0.54
-0.54
-0.54
-0.54
-0.54
-0.54
-0.54
-0.54
-0.54
-0.54
-0.54
-0.54
-0.54
-0.54
-0.54
-0.54
-0.54
-0.54
-0.54
-0.54
-0.54
-0.54
-0.54
-0.54
-0.54
-0.54
-0.54
-0.54
-0.54
-0.54
-0.54
-0.54
-0.54
-0.54
-0.54
-0.54
-0.54
-0.54
-0.54
-0.54
-0.54
-0.54
-0.54
-0.54
-0.54
-0.54
-0.54
-0.54
-0.54
-0.54
-0.54
-0.54
-0.54
-0.54
-0.54
-0.54
-0.54
-0.54
-0.54
-0.54
-0.54
-0.54
-0.54
-0.54
-0.54
-0.54
-0.54
-0.54
-0.54
-0.54
-0.54
-0.54
-0.54
-0.54
-0.54
-0.54
-0.54
-0.54
-0.54
-0.54
-0.54
-0.54
-0.54
-0.54
-0.54
-0.54
-0.54
-0.54
-0.54
-0.54
-0.54
-0.54
-0.54
-0.54
-0.54
-0.54
-0.54
-0.54
-0.54
-0.54
-0.54
-0.54
-0.54
-0.54
-0.54
-0.54
-0.54
-0.54
-0.54
-0.54
-0.54
-0.54
-0.54
-0.54
-0.54
-0.54
-0.54
-0.54
-0.54
-0.54
-0.54
-0.54
-0.54
-0.54
-0.54
-0.54
-0.54
-0.54
-0.54
-0.54
-0.54
-0.54
-0.54
-0.54
-0.54
-0.54
-0.54
-0.54
-0.54
-0.54
-0.54
-0.54
-0.54
-0.54
-0.54
-0.54
-0.54
-0.54
-0.54
-0.54
-0.54
-0.54
-0.54
-0.54
-0.54
-0.54
-0.54
-0.54
-0.54
-0.54
-0.54
-0.54
-0.54
-0.54
-0.54
-0.54
-0.54
-0.54
-0.54
-0.54
-0.54
-0.54
-0.54
-0.54
-0.54
-0.54
-0.54
-0.54
-0.54
-0.54
-0.54
-0.54
-0.54
-0.54
-0.54
-0.54
-0.54
-0.54
-0.54
-0.54
-0.54
-0.54
-0.54
-0.54
-0.54
-0.54
-0.54
-0.54
-0.54
-0.54
-0.54
-0.54
-0.54
-0.54
-0.54
-0.54
-0.54
-0.54
-0.54
-0.54
-0.54
-0.54
-0.54
-0.54
-0.54
-0.54
-0.54
-0.54
-0.54
-0.54
-0.54
-0.54
-0.54
-0.54
-0.54
-0.54
-0.54
-0.54
-0.54
-0.54
-0.54
-0.54
-0.54
-0.54
-0.54
-0.54
-0.54
-0.54
-0.54
-0.54
-0.54
-0.54
-0.54
-0.54
-0.54
-0.54
-0.54
-0.54
-0.54
-0.54
-0.54
-0.54
-0.54
-0.54
-0.54
-0.54
-0.54
-0.54
-0.54
-0.54
-0.54
-0.54
-0.54
-0.54
-0.54
-0.54
-0.54
-0.54
-0.54
-0.54
-0.54
-0.54
-0.54
-0.54
-0.54
-0.54
-0.54
-0.54
-0.54
-0.54
-0.54
-0.54
-0.54
-0.54
-0.54
-0.54
-0.54
-0.54
-0.54
-0.54
-0.54
-0.54
-0.54
-0.54
-0.54
-0.54
-0.54
-0.54
-0.54
-0.54
-0.54
-0.54
-0.54
-0.54
-0.54
-0.54
-0.54
-0.54
-0.54
-0.54
-0.54
-0.54
-0.54
-0.54
-0.54
-0.54
-0.54
-0.54
-0.54
-0.54
-0.54
-0.54
-0.54
-0.54
-0.54
-0.54
-0.54
-0.54
-0.54
-0.54
-0.54
-0.54
-0.54
-0.54
-0.54
-0.54
-0.54
-0.54
-0.54
-0.54
-0.54
-0.54
-0.54
-0.54
-0.54
-0.54
-0.54
-0.54
-0.54
-0.54
-0.54
-0.54
-0.54
-0.54
-0.54
-0.54
-0.54
-0.54
-0.54
-0.54
-0.54
-0.54
-0.54
-0.54
-0.54
-0.54
-0.54
-0.54
-0.54
-0.54
-0.54
-0.54
-0.54
-0.54
-0.54
-0.54
-0.54
-0.54
-0.54
-0.54
-0.54
-0.54
-0.54
-0.54
-0.54
-0.54
-0.54
-0.54
-0.54
-0.54
-0.54
-0.54
-0.54
-0.54
-0.54
-0.54
-0.54
-0.54
-0.54
-0.54
-0.54
-0.54
-0.54
-0.54
-0.54
-0.54
-0.54
-0.54
-0.54
-0.54
-0.54
-0.54
-0.54
-0.54
-0.54
-0.54
-0.54
-0.54
-0.54
-0.54
-0.54
-0.54
-0.54
-0.54
-0.54
-0.54
-0.54
-0.54
-0.54
-0.54
-0.54
-0.54
-0.54
-0.54
-0.54
-0.54
-0.54
-0.54
-0.54
-0.54
-0.54
-0.54
-0.54
-0.54
-0.54
-0.54
-0.54
-0.54
-0.54
-0.54
-0.54
-0.54
-0.54
-0.54
-0.54
-0.54
-0.54
-0.54
-0.54
-0.54
-0.54
-0.54
-0.54
-0.54
-0.54
-0.54
-0.54
-0.54
-0.54
-0.54
-0.54
-0.54
-0.54
-0.54
-0.54
-0.54
-0.54
-0.54
-0.54
-0.54
-0.54
-0.54
-0.54
-0.54
-0.54
-0.54
-0.54
-0.54
-0.54
-0.54
-0.54
-0.54
-0.54
-0.54
-0.54
-0.54
-0.54
-0.54
-0.54
-0.54
-0.54
-0.54
-0.54
-0.54
-0.54
-0.54
-0.54
-0.54
-0.54
-0.54
-0.54
-0.54
-0.54
-0.54
-0.54
-0.54
-0.54
-0.54
-0.54
-0.54
-0.54
-0.54
-0.54
-0.54
-0.54
-0.54
-0.54
-0.54
-0.54
-0.54
-0.54
-0.54
-0.54
-0.54
-0.54
-0.54
-0.54
-0.54
-0.54
-0.54
-0.54
-0.54
-0.54
-0.54
-0.54
-0.54
-0.54
-0.54
-0.54
-0.54
-0.54
-0.54
-0.54
-0.54
-0.54
-0.54
-0.54
-0.54
-0.54
-0.54
-0.54
-0.54
-0.54
-0.54
-0.54
-0.54
-0.54
-0.54
-0.54
-0.54
-0.54
-0.54
-0.54
-0.54
-0.54
-0.54
-0.54
-0.54
-0.54
-0.54
-0.54
-0.54
-0.54
-0.54
-0.54
-0.54
-0.54
-0.54
-0.54
-0.54
-0.54
-0.54
-0.54
-0.54
-0.54
-0.54
-0.54
-0.54
-0.54
-0.54
-0.54
-0.54
-0.54
-0.54
-0.54
-0.54
-0.54
-0.54
-0.54
-0.54
-0.54
-0.54
-0.54
-0.54
-0.54
-0.54
-0.54
-0.54
-0.54
-0.54
-0.54
-0.54
-0.54
-0.54
-0.54
-0.54
-0.54
-0.54
-0.54
-0.54
-0.54
-0.54
-0.54
-0.54
-0.54
-0.54
-0.54
-0.54
-0.54
-0.54
-0.54
-0.54
-0.54
-0.54
-0.54
-0.54
-0.54
-0.54
-0.54
-0.54
-0.54
-0.54
-0.54
-0.54
-0.54
-0.54
-0.54
-0.54
-0.54
-0.54
-0.54
-0.54
-0.54
-0.54
-0.54
-0.54
-0.54
-0.54
-0.54
-0.54
-0.54
-0.54
-0.54
-0.54
-0.54
-0.54
-0.54
-0.54
-0.54
-0.54
-0.54
-0.54
-0.54
-0.54
-0.54
-0.54
-0.54
-0.54
-0.54
-0.54
-0.54
-0.54
-0.54
-0.54
-0.54
-0.54
-0.54
-0.54
-0.54
-0.54
-0.54
-0.54
-0.54
-0.54
-0.54
-0.54
-0.54
-0.54
-0.54
-0.54
-0.54
-0.54
-0.54
-0.54
-0.54
-0.54
-0.54
-0.54
-0.54
-0.54
-0.54
-0.54
-0.54
-0.54
-0.54
-0.54
-0.54
-0.54
-0.54
-0.54
-0.54
-0.54
-0.54
-0.54
-0.54
-0.54
-0.54
-0.54
-0.54
-0.54
-0.54
-0.54
-0.54
-0.54
-0.54
-0.54
-0.54
-0.54
-0.54
-0.54
-0.54
-0.54
-0.54
-0.54
-0.54
-0.54
-0.54
-0.54
-0.54
-0.54
-0.54
-0.54
-0.54
-0.54
-0.54
-0.54
-0.54
-0.54
-0.54
-0.54
-0.54
-0.54
-0.54
-0.54
-0.54
-0.54
-0.54
-0.54
-0.54
-0.54
-0.54
-0.54
-0.54
-0.54
-0.54
-0.54
-0.54
-0.54
-0.54
-0.54
-0.54
-0.54
-0.54
-0.54
-0.54
-0.54
-0.54
-0.54
-0.54
-0.54
-0.54
-0.54
-0.54
-0.54
-0.54
-0.54
-0.54
-0.54
-0.54
-0.54
-0.54
-0.54
-0.54
-0.54
-0.54
-0.54
-0.54
-0.54
-0.54
-0.54
-0.54
-0.54
-0.54
-0.54
-0.54
-0.54
-0.54
-0.54
-0.54
-0.54
-0.54
-0.54
-0.54
-0.54
-0.54
-0.54
-0.54
-0.54
-0.54
-0.54
-0.54
-0.54
-0.54
-0.54
-0.54
-0.54
-0.54
-0.54
-0.54
-0.54
-0.54
-0.54
-0.54
-0.54
-0.54
-0.54
-0.54
-0.54
-0.54
-0.54
-0.54
-0.54
-0.54
-0.54
-0.54
-0.54
-0.54
-0.54
-0.54
-0.54
-0.54
-0.54
-0.54
-0.54
-0.54
-0.54
-0.54
-0.54
-0.54
-0.54
-0.54
-0.54
-0.54
-0.54
-0.54
-0.54
-0.54
-0.54
-0.54
-0.54
-0.54
-0.54
-0.54
-0.54
-0.54
-0.54
-0.54
-0.54
-0.54
-0.54
-0.54
-0.54
-0.54
-0.54
-0.54
-0.54
-0.54
-0.54
-0.54
-0.54
-0.54
-0.54
-0.54
-0.54
-0.54
-0.54
-0.54
-0.54
-0.54
-0.54
-0.54
-0.54
-0.54
-0.54
-0.54
-0.54
-0.54
-0.54
-0.54
-0.54
-0.54
-0.54
-0.54
-0.54
-0.54
-0.54
-0.54
-0.54
-0.54
-0.54
-0.54
-0.54
-0.54
-0.54
-0.54
-0.54
-0.54
-0.54
-0.54
-0.54
-0.54
-0.54
-0.54
-0.54
-0.54
-0.54
-0.54
-0.54
-0.54
-0.54
-0.54
-0.54
-0.54
-0.54
-0.54
-0.54
-0.54
-0.54
-0.54
-0.54
-0.54
-0.54
-0.54
-0.54
-0.54
-0.54
-0.54
-0.54
-0.54
-0.54
-0.54
-0.54
-0.54
-0.54
-0.54
-0.54
-0.54
-0.54
-0.54
-0.54
-0.54
-0.54
-0.54
-0.54
-0.54
-0.54
-0.54
-0.54
-0.54
-0.54
-0.54
-0.54
-0.54
-0.54
-0.54
-0.54
-0.54
-0.54
-0.54
-0.54
-0.54
-0.54
-0.54
-0.54
-0.54
-0.54
-0.54
-0.54
-0.54
-0.54
-0.54
-0.54
-0.54
-0.54
-0.54
-0.54
-0.54
-0.54
-0.54
-0.54
-0.54
-0.54
-0.54
-0.54
-0.54
-0.54
-0.54
-0.54
-0.54
-0.54
-0.54
-0.54
-0.54
-0.54
-0.54
-0.54
-0.54
-0.54
-0.54
-0.54
-0.54
-0.54
-0.54
-0.54
-0.54
-0.54
-0.54
-0.54
-0.54
-0.54
-0.54
-0.54
-0.54
-0.54
-0.54
-0.54
-0.54
-0.54
-0.54
-0.54
-0.54
-0.54
-0.54
-0.54
-0.54
-0.54
-0.54
-0.54
-0.54
-0.54
-0.54
-0.54
-0.54
-0.54
-0.54
-0.54
-0.54
-0.54
-0.54
-0.54
-0.54
-0.54
-0.54
-0.54
-0.54
-0.54
-0.54
-0.54
-0.54
-0.54
-0.54
-0.54
-0.54
-0.54
-0.54
-0.54
-0.54
-0.54
-0.54
-0.54
-0.54
-0.54
-0.54
-0.54
-0.54
-0.54
-0.54
-0.54
-0.54
-0.54
-0.54
-0.54
-0.54
-0.54
-0.54
-0.54
-0.54
-0.54
-0.54
-0.54
-0.54
-0.54
-0.54
-0.54
-0.54
-0.54
-0.54
-0.54
-0.54
-0.54
-0.54
-0.54
-0.54
-0.54
-0.54
-0.54
-0.54
-0.54
-0.54
-0.54
-0.54
-0.54
-0.54
-0.54
-0.54
-0.54
-0.54
-0.54
-0.54
-0.54
-0.54
-0.54
-0.54
-0.54
-0.54
-0.54
-0.54
-0.54
-0.54
-0.54
-0.54
-0.54
-0.54
-0.54
-0.54
-0.54
-0.54
-0.54
-0.54
-0.54
-0.54
-0.54
-0.54
-0.54
-0.54
-0.54
-0.54
-0.54
-0.54
-0.54
-0.54
-0.54
-0.54
-0.54
-0.54
-0.54
-0.54
-0.54
-0.54
-0.54
-0.54
-0.54
-0.54
-0.54
-0.54
-0.54
-0.54
-0.54
-0.54
-0.54
-0.54
-0.54
-0.54
-0.54
-0.54
-0.54
-0.54
-0.54
-0.54
-0.54
-0.54
-0.54
-0.54
-0.54
-0.54
-0.54
-0.54
-0.54
-0.54
-0.54
-0.54
-0.54
-0.54
-0.54
-0.54
-0.54
-0.54
-0.54
-0.54
-0.54
-0.54
-0.54
-0.54
-0.54
-0.54
-0.54
-0.54
-0.54
-0.54
-0.54
-0.54
-0.54
-0.54
-0.54
-0.54
-0.54
-0.54
-0.54
-0.54
-0.54
-0.54
-0.54
-0.54
-0.54
-0.54
-0.54
-0.54
-0.54
-0.54
-0.54
-0.54
-0.54
-0.54
-0.54
-0.54
-0.54
-0.54
-0.54
-0.54
-0.54
-0.54
-0.54
-0.54
-0.54
-0.54
-0.54
-0.54
-0.54
-0.54
-0.54
-0.54
-0.54
-0.54
-0.54
-0.54
-0.54
-0.54
-0.54
-0.54
-0.54
-0.54
-0.54
-0.54
-0.54
-0.54
-0.54
-0.54
-0.54
-0.54
-0.54
-0.54
-0.54
-0.54
-0.54
-0.54
-0.54
-0.54
-0.54
-0.54
-0.54
-0.54
-0.54
-0.54
-0.54
-0.54
-0.54
-0.54
-0.54
-0.54
-0.54
-0.54
-0.54
-0.54
-0.54
-0.54
-0.54
-0.54
-0.54
-0.54
-0.54
-0.54
-0.54
-0.54
-0.54
-0.54
-0.54
-0.54
-0.54
-0.54
-0.54
-0.54
-0.54
-0.54
-0.54
-0.54
-0.54
-0.54
-0.54
-0.54
-0.54
-0.54
-0.54
-0.54
-0.54
-0.54
-0.54
-0.54
-0.54
-0.54
-0.54
-0.54
-0.54
-0.54
-0.54
-0.54
-0.54
-0.54
-0.54
-0.54
-0.54
-0.54
-0.54
-0.54
-0.54
-0.54
-0.54
-0.54
-0.54
-0.54
-0.54
-0.54
-0.54
-0.54
-0.54
-0.54
-0.54
-0.54
-0.54
-0.54
-0.54
-0.54
-0.54
-0.54
-0.54
-0.54
-0.54
-0.54
-0.54
-0.54
-0.54
-0.54
-0.54
-0.54
-0.54
-0.54
-0.54
-0.54
-0.54
-0.54
-0.54
-0.54
-0.54
-0.54
-0.54
-0.54
-0.54
-0.54
-0.54
-0.54
-0.54
-0.54
-0.54
-0.54
-0.54
-0.54
-0.54
-0.54
-0.54
-0.54
-0.54
-0.54
-0.54
-0.54
-0.54
-0.54
-0.54
-0.54
-0.54
-0.54
-0.54
-0.54
-0.54
-0.54
-0.54
-0.54
-0.54
-0.54
-0.54
-0.54
-0.54
-0.54
-0.54
-0.54
-0.54
-0.54
-0.54
-0.54
-0.54
-0.54
-0.54
-0.54
-0.54
-0.54
-0.54
-0.54
-0.54
-0.54
-0.54
-0.54
-0.54
-0.54
-0.54
-0.54
-0.54
-0.54
-0.54
-0.54
-0.54
-0.54
-0.54
-0.54
-0.54
-0.54
-0.54
-0.54
-0.54
-0.54
-0.54
-0.54
-0.54
-0.54
-0.54
-0.54
-0.54
-0.54
-0.54
-0.54
-0.54
-0.54
-0.54
-0.54
-0.54
-0.54
-0.54
-0.54
-0.54
-0.54
-0.54
-0.54
-0.54
-0.54
-0.54
-0.54
-0.54
-0.54
-0.54
-0.54
-0.54
-0.54
-0.54
-0.54
-0.54
-0.54
-0.54
-0.54
-0.54
-0.54
-0.54
-0.54
-0.54
-0.54
-0.54
-0.54
-0.54
-0.54
-0.54
-0.54
-0.54
-0.54
-0.54
-0.54
-0.54
-0.54
-0.54
-0.54
-0.54
-0.54
-0.54
-0.54
-0.54
-0.54
-0.54
-0.54
-0.54
-0.54
-0.54
-0.54
-0.54
-0.54
-0.54
-0.54
-0.54
-0.54
-0.54
-0.54
-0.54
-0.54
-0.54
-0.54
-0.54
-0.54
-0.54
-0.54
-0.54
-0.54
-0.54
-0.54
-0.54
-0.54
-0.54
-0.54
-0.54
-0.54
-0.54
-0.54
-0.54
-0.54
-0.54
-0.54
-0.54
-0.54
-0.54
-0.54
-0.54
-0.54
-0.54
-0.54
-0.54
-0.54
