0.014 0.00
0.014 0.00
0.040 0.00
-0.012 0.00
0.014 0.00
0.014 0.00
-0.012 0.00
0.014 0.00
-0.012 0.00
0.014 0.00
-0.012 0.00
-0.039 0.00
0.014 0.00
0.014 0.00
0.014 0.00
-0.012 0.00
-0.039 0.00
0.014 0.00
-0.012 0.00
0.014 0.00
0.014 0.00
-0.012 0.00
0.014 0.00
-0.012 0.00
-0.012 0.00
0.014 0.00
-0.012 0.00
-0.012 0.00
-0.012 0.00
0.040 0.00
-0.039 0.00
0.014 0.00
-0.039 0.00
0.014 0.00
0.014 0.00
0.014 0.00
0.014 0.00
0.014 0.00
0.014 0.00
-0.012 0.00
-0.012 0.00
-0.012 0.00
-0.012 0.00
0.014 0.00
0.040 0.00
0.014 0.00
0.014 0.00
0.040 0.00
0.040 0.00
0.014 0.00
-0.039 0.00
0.014 0.00
0.040 0.00
-0.039 0.00
-0.012 0.00
-0.012 0.00
0.014 0.00
0.014 0.00
0.014 0.00
0.014 0.00
-0.012 0.00
-0.012 0.00
0.014 0.00
0.014 0.00
0.040 0.00
-0.039 0.00
-0.012 0.00
0.014 0.00
0.014 0.00
0.014 0.00
-0.039 0.00
0.014 0.00
-0.012 0.00
0.014 0.00
-0.012 0.00
-0.012 0.00
-0.012 0.00
0.040 0.00
0.014 0.00
0.014 0.00
0.014 0.00
-0.012 0.00
-0.012 0.00
0.040 0.00
-0.012 0.00
-0.012 0.00
-0.012 0.00
-0.012 0.00
0.014 0.00
0.014 0.00
-0.012 0.00
0.014 0.00
0.040 0.00
0.014 0.00
-0.039 0.00
0.040 0.00
0.040 0.00
-0.012 0.00
-0.012 0.00
0.040 0.00
0.014 0.00
-0.012 0.00
-0.012 0.00
-0.039 0.00
-0.012 0.00
-0.012 0.00
0.014 0.00
0.014 0.00
0.014 0.00
-0.012 0.00
0.014 0.00
-0.012 0.00
-0.012 0.00
0.014 0.00
0.014 0.00
-0.012 0.00
0.014 0.00
0.040 0.00
-0.039 0.00
-0.012 0.00
0.014 0.00
-0.039 0.00
0.040 0.00
0.014 0.00
-0.039 0.00
0.040 0.00
0.014 0.00
0.014 0.00
-0.012 0.00
0.014 0.00
0.040 0.00
-0.012 0.00
0.014 0.00
0.040 0.00
-0.012 0.00
0.014 0.00
-0.039 0.00
-0.012 0.00
-0.039 0.00
0.040 0.00
-0.012 0.00
-0.012 0.00
0.014 0.00
0.014 0.00
0.014 0.00
-0.012 0.00
-0.039 0.00
0.014 0.00
-0.012 0.00
-0.012 0.00
-0.012 0.00
0.014 0.00
0.040 0.00
-0.012 0.00
0.014 0.00
0.014 0.00
0.014 0.00
0.014 0.00
-0.012 0.00
-0.039 0.00
0.014 0.00
-0.012 0.00
0.014 0.00
0.067 0.00
0.014 0.00
-0.012 0.00
-0.012 0.00
0.014 0.00
0.014 0.00
0.014 0.00
0.014 0.00
-0.039 0.00
-0.012 0.00
-0.039 0.00
-0.039 0.00
-0.012 0.00
-0.012 0.00
-0.012 0.00
-0.012 0.00
0.014 0.00
-0.012 0.00
-0.012 0.00
0.014 0.00
0.014 0.00
-0.039 0.00
0.014 0.00
0.040 0.00
-0.012 0.00
-0.012 0.00
-0.012 0.00
-0.012 0.00
-0.012 0.00
-0.039 0.00
-0.012 0.00
0.040 0.00
-0.039 0.00
-0.012 0.00
-0.039 0.00
0.014 0.00
-0.039 0.00
0.014 0.00
0.014 0.00
0.014 0.00
0.014 0.00
0.014 0.00
0.014 0.00
-0.012 0.00
-0.012 0.00
0.040 0.00
0.014 0.00
0.014 0.00
-0.012 0.00
0.014 0.00
-0.012 0.00
0.014 0.00
-0.012 0.00
-0.012 0.00
-0.012 0.00
0.014 0.00
0.014 0.00
0.014 0.00
-0.012 0.00
0.014 0.00
0.014 0.00
-0.012 0.00
-0.012 0.00
-0.039 0.00
-0.012 0.00
-0.012 0.00
-0.012 0.00
0.014 0.00
-0.012 0.00
-0.012 0.00
-0.039 0.00
0.014 0.00
0.463 0.00
0.437 0.00
0.357 0.00
0.305 0.00
0.357 0.00
0.252 0.00
0.305 0.00
0.225 0.00
0.252 7.46
0.199 14.30
0.225 20.60
0.252 26.33
0.173 31.57
0.120 36.30
0.173 40.57
0.146 44.37
0.146 47.77
0.225 50.93
0.067 53.85
0.199 56.46
0.067 58.85
0.173 61.01
0.173 62.83
0.067 64.52
0.173 66.03
0.146 67.36
0.120 68.57
0.067 69.68
0.146 70.73
0.173 71.72
0.173 72.60
0.120 73.34
0.120 73.77
0.093 74.01
0.093 74.25
0.067 74.47
0.093 74.82
0.120 75.25
0.173 75.62
0.173 75.96
0.173 76.26
0.199 76.51
0.199 76.67
0.173 76.81
0.120 76.93
0.093 77.04
0.067 77.13
0.093 77.20
0.093 77.29
0.120 77.38
0.120 77.42
0.093 77.35
0.199 77.28
0.199 77.23
0.199 77.17
0.173 77.12
0.146 77.08
0.173 77.17
0.093 77.34
0.014 77.42
0.093 77.45
0.040 77.50
0.040 77.44
0.199 77.30
0.199 77.19
0.173 77.10
0.173 77.02
0.120 77.12
0.093 77.31
0.093 77.44
0.093 77.55
0.120 77.65
0.093 77.61
0.146 77.47
0.173 77.36
0.225 77.25
0.225 77.17
0.225 77.12
0.146 77.10
0.120 77.12
0.040 77.17
0.093 77.24
0.067 77.32
0.093 77.41
0.120 77.48
0.120 77.55
0.173 77.62
0.252 77.66
0.225 77.66
0.199 77.68
0.199 77.73
0.173 77.80
0.173 77.88
0.199 77.94
0.146 78.00
0.173 78.07
0.146 78.11
0.067 78.12
0.067 78.15
0.067 78.18
0.093 78.20
0.067 78.26
0.067 78.31
0.067 78.35
0.067 78.41
0.093 78.46
0.067 78.46
0.040 78.42
0.040 78.43
0.040 78.48
0.067 78.54
0.040 78.57
0.040 78.57
0.067 78.60
0.040 78.62
0.040 78.60
0.014 78.54
0.067 78.49
0.093 78.47
0.067 78.51
0.093 78.58
0.225 78.65
0.173 78.73
0.146 78.81
0.225 78.82
0.173 78.79
0.225 78.79
0.199 78.76
0.146 78.72
0.146 78.70
0.146 78.69
0.146 78.44
0.040 78.07
0.040 77.78
0.067 77.49
0.067 77.26
0.093 77.08
0.067 77.06
0.093 77.21
0.120 77.33
0.173 77.42
0.199 77.51
0.146 77.57
0.173 77.58
0.146 77.55
0.093 77.52
0.093 77.52
0.067 77.52
0.093 77.52
0.120 77.52
0.093 77.50
0.225 77.44
0.199 77.35
0.199 77.26
0.146 77.21
0.199 77.18
0.146 77.23
0.067 77.37
0.067 77.51
0.040 77.67
0.040 77.81
0.040 77.88
0.067 77.95
0.093 77.91
0.014 77.77
0.173 77.67
0.225 77.61
0.199 77.57
0.173 77.56
0.199 77.60
0.199 77.60
0.146 77.57
0.173 77.54
0.173 77.54
0.146 77.53
0.146 77.55
0.120 77.60
0.173 77.63
0.146 77.65
0.173 77.69
0.173 77.68
0.146 77.64
0.120 77.62
0.120 77.62
0.120 77.63
0.120 77.65
0.120 77.67
0.120 77.68
0.146 77.72
0.146 77.69
0.146 77.74
0.067 77.95
0.067 78.15
0.093 78.38
0.067 78.60
0.067 78.75
0.067 78.87
0.093 78.98
0.120 79.03
0.040 79.03
0.040 79.05
0.093 79.07
0.093 79.08
0.067 79.12
0.067 79.15
0.093 79.17
0.093 79.17
0.120 78.99
0.146 78.69
0.199 78.46
0.173 78.26
0.225 78.09
0.252 77.95
0.225 77.83
0.173 77.80
0.173 77.86
0.120 77.87
0.067 77.83
0.067 77.81
0.067 77.80
0.120 77.82
0.093 77.81
0.040 77.83
-0.356 77.08
-0.329 74.77
-0.145 71.31
-0.118 67.30
-0.092 63.00
-0.039 58.63
-0.039 54.39
-0.039 50.29
-0.039 46.38
-0.012 42.73
-0.012 39.29
-0.012 36.05
0.014 32.98
-0.012 30.09
-0.012 27.30
-0.039 24.70
-0.012 22.28
0.014 19.98
-0.012 17.90
-0.012 16.13
0.014 14.61
0.014 13.02
0.014 11.36
-0.012 9.94
-0.012 8.73
0.014 7.70
0.040 0.00
-0.012 0.00
0.040 0.00
0.014 0.00
-0.012 0.00
0.014 0.00
0.040 0.00
0.014 0.00
-0.039 0.00
0.014 0.00
0.040 0.00
0.014 0.00
-0.012 0.00
-0.012 0.00
0.040 0.00
-0.039 0.00
0.014 0.00
-0.012 0.00
-0.012 0.00
-0.012 0.00
-0.039 0.00
-0.012 0.00
-0.012 0.00
-0.012 0.00
0.014 0.00
-0.012 0.00
-0.012 0.00
0.040 0.00
0.014 0.00
-0.012 0.00
-0.039 0.00
-0.039 0.00
0.014 0.00
0.014 0.00
0.014 0.00
-0.012 0.00
-0.039 0.00
0.014 0.00
0.014 0.00
-0.012 0.00
-0.012 0.00
-0.012 0.00
0.014 0.00
-0.012 0.00
-0.012 0.00
-0.012 0.00
0.014 0.00
-0.012 0.00
0.040 0.00
0.014 0.00
-0.012 0.00
-0.012 0.00
0.040 0.00
-0.012 0.00
-0.012 0.00
0.014 0.00
0.040 0.00
-0.012 0.00
-0.012 0.00
-0.012 0.00
-0.012 0.00
-0.012 0.00
-0.039 0.00
0.014 0.00
-0.012 0.00
-0.012 0.00
-0.012 0.00
0.014 0.00
-0.012 0.00
0.014 0.00
0.014 0.00
0.014 0.00
0.040 0.00
-0.012 0.00
-0.012 0.00
0.040 0.00
0.014 0.00
-0.012 0.00
-0.012 0.00
0.014 0.00
0.014 0.00
0.014 0.00
-0.039 0.00
-0.012 0.00
-0.012 0.00
-0.012 0.00
-0.012 0.00
0.014 0.00
-0.012 0.00
-0.039 0.00
0.014 0.00
-0.012 0.00
0.067 0.00
0.040 0.00
-0.012 0.00
-0.012 0.00
-0.039 0.00
-0.012 0.00
0.014 0.00
0.014 0.00
-0.012 0.00
-0.012 0.00
-0.039 0.00
0.014 0.00
-0.012 0.00
-0.012 0.00
-0.012 0.00
0.040 0.00
-0.012 0.00
0.014 0.00
0.014 0.00
0.014 0.00
-0.012 0.00
-0.039 0.00
0.014 0.00
-0.039 0.00
0.014 0.00
0.014 0.00
0.014 0.00
0.040 0.00
0.014 0.00
-0.012 0.00
0.040 0.00
-0.012 0.00
-0.012 0.00
-0.012 0.00
0.014 0.00
0.040 0.00
-0.012 0.00
-0.039 0.00
-0.012 0.00
0.067 0.00
0.014 0.00
0.014 0.00
-0.012 0.00
-0.012 0.00
-0.012 0.00
0.014 0.00
0.014 0.00
0.014 0.00
0.014 0.00
-0.012 0.00
-0.012 0.00
-0.012 0.00
-0.012 0.00
0.014 0.00
-0.012 0.00
-0.012 0.00
0.014 0.00
-0.012 0.00
0.014 0.00
0.014 0.00
0.014 0.00
-0.012 0.00
0.014 0.00
-0.012 0.00
-0.012 0.00
-0.039 0.00
-0.039 0.00
-0.012 0.00
-0.012 0.00
0.014 0.00
0.014 0.00
-0.012 0.00
0.040 0.00
-0.012 0.00
-0.065 0.00
0.040 0.00
-0.012 0.00
0.014 0.00
0.014 0.00
0.014 0.00
0.014 0.00
0.014 0.00
-0.039 0.00
0.014 0.00
-0.039 0.00
-0.012 0.00
0.040 0.00
-0.012 0.00
-0.012 0.00
-0.039 0.00
0.014 0.00
0.014 0.00
-0.012 0.00
-0.012 0.00
0.014 0.00
0.040 0.00
-0.012 0.00
-0.012 0.00
-0.039 0.00
0.040 0.00
-0.012 0.00
0.014 0.00
-0.012 0.00
-0.039 0.00
0.040 0.00
0.040 0.00
0.014 0.00
0.014 0.00
-0.012 0.00
0.014 0.00
0.437 0.00
0.437 0.00
0.357 0.00
0.252 0.00
0.357 0.00
0.278 0.00
0.278 0.00
0.305 0.00
0.146 7.32
0.252 14.04
0.199 20.25
0.173 26.00
0.252 31.20
0.146 35.88
0.146 40.12
0.146 44.08
0.225 47.62
0.120 50.76
0.093 53.68
0.173 56.36
0.093 58.66
0.173 60.69
0.225 62.62
0.120 64.28
0.199 65.72
0.173 67.00
0.120 68.25
0.040 69.46
0.093 70.44
0.173 71.20
0.199 71.91
0.146 72.55
0.093 73.20
0.093 73.89
0.067 74.54
0.093 75.11
0.093 75.60
0.093 75.92
0.093 76.09
0.146 76.26
0.173 76.42
0.146 76.52
0.173 76.57
0.225 76.63
0.199 76.70
0.199 76.77
0.278 76.84
0.146 76.96
0.146 77.16
0.146 77.35
0.120 77.47
0.120 77.54
0.040 77.61
0.014 77.70
0.067 77.77
0.067 77.85
0.067 77.92
0.093 77.94
0.067 77.96
0.120 77.97
0.146 77.94
0.252 77.88
0.199 77.83
0.199 77.78
0.173 77.74
0.120 77.75
0.093 77.79
0.093 77.83
0.067 77.84
0.067 77.81
0.093 77.75
0.067 77.77
0.199 77.88
0.225 77.94
0.173 78.02
0.173 78.13
0.173 78.20
0.120 78.26
0.120 78.11
0.067 77.81
0.040 77.55
0.040 77.29
0.067 77.07
0.067 76.90
0.120 76.74
0.067 76.74
0.120 76.95
0.173 77.13
0.173 77.25
0.173 77.34
0.173 77.47
0.173 77.61
0.199 77.74
0.173 77.87
0.173 78.00
0.173 78.11
0.199 78.20
0.199 78.26
0.199 78.27
0.173 78.28
0.120 78.31
0.093 78.33
0.120 78.35
0.120 78.39
0.146 78.42
0.146 78.45
0.120 78.45
0.120 78.43
0.120 78.44
0.120 78.44
0.093 78.45
0.146 78.45
0.093 78.45
0.120 78.48
0.093 78.54
0.120 78.55
0.093 78.50
0.120 78.45
0.067 78.43
0.120 78.42
0.067 78.41
0.067 78.42
0.067 78.44
0.067 78.47
0.067 78.43
0.040 78.37
0.040 78.35
0.067 78.32
0.067 78.33
0.093 78.33
0.093 78.31
0.093 78.29
0.093 78.28
0.093 78.22
0.146 78.12
0.225 77.99
0.199 77.88
0.173 77.81
0.199 77.74
0.199 77.69
0.199 77.64
0.173 77.62
0.146 77.61
0.146 77.63
0.120 77.73
0.067 77.82
0.014 77.90
0.067 78.00
0.093 78.09
0.067 78.14
0.067 78.19
0.014 78.13
0.199 77.94
0.199 77.74
0.225 77.59
0.225 77.48
0.120 77.39
0.146 77.31
0.093 77.40
0.067 77.62
0.120 77.80
0.067 77.94
0.067 78.04
0.067 78.16
0.067 78.29
0.067 78.42
0.093 78.55
0.093 78.66
0.120 78.76
0.120 78.86
0.093 78.95
0.173 79.00
0.093 79.07
0.093 79.16
0.093 79.25
0.093 79.32
0.120 79.40
0.067 79.47
0.093 79.56
0.093 79.62
0.093 79.64
0.093 79.66
0.067 79.69
0.120 79.72
0.120 79.74
0.067 79.76
0.040 79.80
0.120 79.86
0.067 79.90
0.067 79.90
0.067 79.86
0.093 79.82
0.067 79.81
0.093 79.82
0.093 79.83
0.067 79.86
0.093 79.88
0.040 79.91
0.093 79.88
0.040 79.80
0.093 79.75
0.093 79.73
0.040 79.71
0.093 79.69
0.120 79.68
0.093 79.67
0.067 79.68
0.120 79.67
0.093 79.62
0.093 79.57
0.093 79.53
0.120 79.50
0.146 79.47
0.093 79.45
0.120 79.41
0.120 79.35
0.146 79.15
0.173 78.83
0.199 78.58
0.225 78.38
0.225 78.21
0.225 78.07
0.146 77.97
-0.409 77.13
-0.250 74.85
-0.224 71.51
-0.065 67.53
-0.039 63.24
-0.012 58.87
-0.012 54.58
-0.065 50.49
-0.012 46.60
-0.012 42.92
-0.039 39.41
0.014 36.11
-0.039 33.00
-0.012 30.07
0.014 27.27
0.014 24.63
0.014 22.17
-0.012 19.92
0.014 17.85
-0.012 15.94
-0.012 14.31
0.014 12.91
0.040 11.72
0.014 10.71
0.014 9.84
0.014 9.10
0.040 8.46
0.014 7.92
0.014 7.46
0.040 7.06
-0.039 0.00
0.014 0.00
0.014 0.00
-0.039 0.00
-0.039 0.00
-0.012 0.00
-0.012 0.00
-0.012 0.00
0.014 0.00
-0.039 0.00
-0.012 0.00
-0.012 0.00
-0.039 0.00
-0.012 0.00
0.014 0.00
-0.012 0.00
0.014 0.00
-0.012 0.00
-0.012 0.00
-0.012 0.00
0.014 0.00
-0.039 0.00
-0.012 0.00
-0.012 0.00
-0.012 0.00
0.014 0.00
-0.012 0.00
0.014 0.00
0.014 0.00
0.014 0.00
0.014 0.00
-0.012 0.00
-0.012 0.00
0.014 0.00
-0.012 0.00
-0.012 0.00
-0.012 0.00
0.040 0.00
-0.012 0.00
0.014 0.00
-0.039 0.00
0.014 0.00
0.014 0.00
-0.039 0.00
-0.039 0.00
-0.012 0.00
-0.012 0.00
-0.012 0.00
0.014 0.00
0.014 0.00
0.014 0.00
0.014 0.00
-0.039 0.00
-0.012 0.00
-0.039 0.00
-0.012 0.00
0.014 0.00
-0.039 0.00
0.014 0.00
-0.039 0.00
0.014 0.00
-0.012 0.00
0.014 0.00
0.014 0.00
-0.039 0.00
0.014 0.00
-0.012 0.00
-0.012 0.00
-0.012 0.00
0.014 0.00
-0.012 0.00
-0.012 0.00
0.040 0.00
-0.012 0.00
-0.012 0.00
0.014 0.00
-0.012 0.00
0.014 0.00
-0.012 0.00
-0.012 0.00
0.014 0.00
0.014 0.00
0.014 0.00
0.040 0.00
-0.012 0.00
0.014 0.00
-0.012 0.00
0.014 0.00
0.014 0.00
0.014 0.00
0.014 0.00
-0.012 0.00
-0.012 0.00
0.014 0.00
-0.012 0.00
-0.012 0.00
-0.012 0.00
0.067 0.00
-0.012 0.00
0.014 0.00
-0.012 0.00
-0.012 0.00
-0.012 0.00
0.014 0.00
-0.012 0.00
-0.012 0.00
0.014 0.00
-0.012 0.00
0.014 0.00
-0.012 0.00
0.014 0.00
-0.012 0.00
-0.012 0.00
0.014 0.00
-0.012 0.00
0.014 0.00
0.040 0.00
-0.012 0.00
0.014 0.00
-0.012 0.00
-0.012 0.00
-0.039 0.00
0.014 0.00
-0.012 0.00
-0.039 0.00
0.014 0.00
-0.012 0.00
0.040 0.00
-0.012 0.00
-0.065 0.00
0.040 0.00
-0.012 0.00
0.014 0.00
-0.012 0.00
0.014 0.00
0.040 0.00
-0.012 0.00
0.014 0.00
0.014 0.00
0.014 0.00
0.014 0.00
0.014 0.00
-0.012 0.00
-0.012 0.00
0.014 0.00
-0.039 0.00
-0.065 0.00
-0.012 0.00
-0.012 0.00
-0.012 0.00
-0.039 0.00
0.014 0.00
-0.039 0.00
0.014 0.00
-0.039 0.00
-0.039 0.00
0.040 0.00
-0.012 0.00
0.014 0.00
-0.012 0.00
-0.012 0.00
0.014 0.00
0.014 0.00
0.014 0.00
-0.012 0.00
0.014 0.00
-0.012 0.00
-0.012 0.00
-0.039 0.00
-0.012 0.00
0.014 0.00
0.014 0.00
0.040 0.00
-0.039 0.00
0.014 0.00
-0.039 0.00
0.014 0.00
0.014 0.00
0.014 0.00
-0.012 0.00
-0.012 0.00
0.014 0.00
-0.039 0.00
-0.039 0.00
0.014 0.00
0.014 0.00
0.014 0.00
-0.012 0.00
0.014 0.00
-0.039 0.00
-0.012 0.00
0.014 0.00
-0.012 0.00
0.014 0.00
-0.039 0.00
0.067 0.00
-0.012 0.00
0.040 0.00
0.490 0.00
0.490 0.00
0.384 0.00
0.331 0.00
0.384 0.00
0.384 0.00
0.357 0.00
0.305 0.00
0.305 7.34
0.199 14.02
0.278 20.14
0.173 25.89
0.173 31.10
0.278 35.80
0.225 40.11
0.252 43.96
0.093 47.49
0.120 50.79
0.252 53.68
0.120 56.24
0.199 58.62
0.067 60.78
0.225 62.73
0.225 64.48
0.093 65.89
0.093 67.01
0.146 68.16
0.199 69.33
0.120 70.35
0.040 71.24
0.093 72.05
0.146 72.75
0.173 73.29
0.199 73.75
0.146 74.20
0.173 74.62
0.173 75.07
0.093 75.54
0.093 75.97
0.067 76.36
0.067 76.73
0.040 77.02
0.093 77.23
0.040 77.43
0.067 77.63
0.067 77.79
0.067 77.95
0.040 77.99
0.067 77.90
0.093 77.84
0.225 77.75
0.173 77.62
0.199 77.54
0.173 77.50
0.199 77.44
0.120 77.41
0.146 77.41
0.120 77.40
0.146 77.40
0.146 77.35
0.067 77.42
0.093 77.61
0.093 77.78
0.093 77.94
0.067 78.08
0.093 78.20
0.120 78.32
0.067 78.40
0.093 78.43
0.120 78.30
0.199 78.07
0.199 77.89
0.173 77.73
0.146 77.60
0.173 77.55
0.093 77.58
0.120 77.65
0.067 77.73
0.040 77.76
0.093 77.74
0.093 77.75
0.067 77.75
0.120 77.76
0.120 77.78
0.199 77.80
0.173 77.80
0.225 77.79
0.173 77.77
0.173 77.71
0.093 77.70
0.067 77.76
0.067 77.82
0.014 77.89
0.014 77.98
0.093 78.05
0.067 78.13
0.093 78.18
0.040 78.18
0.093 78.18
0.067 78.23
0.093 78.32
0.225 78.45
0.146 78.57
0.120 78.70
0.146 78.83
0.093 78.88
0.093 78.88
0.120 78.93
0.093 79.00
0.146 79.07
0.173 79.13
0.120 79.17
0.093 79.22
0.040 79.23
0.093 79.20
0.093 79.16
0.093 79.10
0.120 79.07
0.120 79.04
0.067 79.00
0.067 78.96
0.040 78.95
0.040 78.94
0.067 78.91
0.120 78.87
0.093 78.85
0.199 78.90
0.199 78.94
0.199 78.97
0.199 79.02
0.146 79.07
0.199 79.10
0.199 79.13
0.199 79.14
0.173 79.10
0.173 79.07
0.146 79.07
0.146 79.04
0.146 79.00
0.146 78.96
0.120 78.93
0.093 78.73
0.120 78.35
0.067 78.00
0.067 77.69
0.067 77.47
0.067 77.30
0.093 77.16
0.067 77.05
0.120 76.96
0.120 77.02
0.093 77.23
0.146 77.37
0.173 77.45
0.199 77.54
0.173 77.64
0.120 77.70
0.146 77.75
0.173 77.79
0.146 77.83
0.120 77.89
0.093 77.87
0.067 77.80
0.093 77.76
0.120 77.74
0.146 77.73
0.120 77.69
0.173 77.67
0.199 77.68
0.199 77.72
0.199 77.73
0.199 77.71
0.199 77.70
0.173 77.72
0.199 77.74
0.173 77.77
0.225 77.81
0.199 77.87
0.173 77.94
0.225 77.95
0.173 77.93
0.173 77.93
0.173 77.92
0.199 77.92
0.199 77.94
0.199 77.98
0.199 78.01
0.199 78.06
0.173 78.10
0.199 78.09
0.173 78.07
0.199 78.06
0.225 78.06
0.173 78.08
0.173 78.12
0.225 78.15
0.199 78.20
0.199 78.22
0.173 78.19
0.199 78.15
0.199 78.14
0.173 78.13
0.199 78.12
0.173 78.13
0.199 78.14
0.199 78.14
0.173 78.15
0.199 78.12
0.199 78.05
0.173 77.99
0.199 77.92
0.173 77.86
0.173 77.83
0.199 77.80
0.199 77.78
0.173 77.76
0.199 77.70
0.173 77.71
0.120 77.87
0.120 77.99
0.093 78.06
0.040 78.14
-0.012 78.21
-0.382 77.37
-0.277 75.01
-0.197 71.56
-0.092 67.43
-0.012 63.00
-0.065 58.65
0.014 54.42
-0.012 50.33
-0.012 46.43
-0.039 42.74
0.040 39.29
0.014 36.08
-0.012 33.04
-0.012 30.17
-0.012 27.47
-0.012 24.88
-0.012 22.41
-0.012 20.09
-0.012 17.96
-0.039 16.15
-0.012 14.61
0.014 13.28
-0.039 11.66
0.014 9.77
-0.012 8.16
0.014 0.00
0.040 0.00
-0.039 0.00
0.014 0.00
0.040 0.00
0.014 0.00
-0.012 0.00
-0.039 0.00
0.014 0.00
-0.012 0.00
0.014 0.00
0.014 0.00
-0.012 0.00
-0.012 0.00
-0.039 0.00
0.014 0.00
0.014 0.00
0.014 0.00
-0.012 0.00
-0.012 0.00
-0.012 0.00
-0.012 0.00
0.040 0.00
-0.012 0.00
0.014 0.00
0.014 0.00
0.040 0.00
0.014 0.00
-0.012 0.00
0.040 0.00
0.014 0.00
0.014 0.00
0.014 0.00
-0.012 0.00
-0.012 0.00
-0.012 0.00
-0.012 0.00
-0.012 0.00
-0.012 0.00
-0.012 0.00
0.014 0.00
-0.012 0.00
-0.012 0.00
-0.039 0.00
0.014 0.00
-0.012 0.00
-0.012 0.00
0.014 0.00
0.014 0.00
-0.012 0.00
-0.039 0.00
-0.012 0.00
0.040 0.00
-0.012 0.00
0.014 0.00
0.014 0.00
-0.039 0.00
-0.039 0.00
0.040 0.00
0.014 0.00
0.014 0.00
-0.012 0.00
-0.012 0.00
-0.012 0.00
-0.012 0.00
-0.012 0.00
-0.012 0.00
-0.012 0.00
0.014 0.00
0.014 0.00
-0.012 0.00
0.014 0.00
-0.012 0.00
-0.039 0.00
0.014 0.00
-0.012 0.00
-0.012 0.00
0.014 0.00
0.040 0.00
-0.012 0.00
-0.039 0.00
-0.012 0.00
0.040 0.00
-0.039 0.00
0.040 0.00
-0.012 0.00
-0.012 0.00
-0.012 0.00
0.014 0.00
-0.012 0.00
-0.012 0.00
-0.012 0.00
-0.012 0.00
-0.012 0.00
0.014 0.00
0.014 0.00
-0.012 0.00
-0.012 0.00
-0.039 0.00
0.014 0.00
0.014 0.00
0.014 0.00
-0.065 0.00
-0.039 0.00
-0.012 0.00
-0.012 0.00
-0.012 0.00
0.014 0.00
0.014 0.00
0.014 0.00
0.014 0.00
0.014 0.00
-0.012 0.00
-0.012 0.00
0.014 0.00
0.014 0.00
-0.039 0.00
-0.039 0.00
-0.012 0.00
-0.012 0.00
-0.012 0.00
-0.012 0.00
-0.012 0.00
0.014 0.00
-0.012 0.00
-0.039 0.00
0.014 0.00
0.014 0.00
-0.039 0.00
0.014 0.00
0.014 0.00
-0.012 0.00
0.014 0.00
0.014 0.00
-0.012 0.00
-0.012 0.00
-0.012 0.00
0.014 0.00
0.014 0.00
-0.012 0.00
-0.012 0.00
0.014 0.00
-0.012 0.00
0.014 0.00
0.014 0.00
-0.012 0.00
-0.039 0.00
0.014 0.00
0.014 0.00
0.014 0.00
-0.012 0.00
0.040 0.00
-0.039 0.00
-0.039 0.00
-0.012 0.00
-0.039 0.00
0.014 0.00
0.014 0.00
-0.012 0.00
0.014 0.00
0.014 0.00
0.014 0.00
-0.012 0.00
-0.039 0.00
-0.012 0.00
0.014 0.00
0.040 0.00
-0.012 0.00
-0.012 0.00
-0.039 0.00
-0.012 0.00
-0.012 0.00
0.014 0.00
-0.012 0.00
-0.012 0.00
0.014 0.00
0.014 0.00
-0.039 0.00
-0.012 0.00
-0.012 0.00
-0.012 0.00
-0.012 0.00
0.014 0.00
0.014 0.00
0.014 0.00
-0.012 0.00
-0.012 0.00
-0.012 0.00
-0.039 0.00
-0.012 0.00
-0.012 0.00
-0.012 0.00
-0.039 0.00
0.014 0.00
-0.012 0.00
0.014 0.00
-0.012 0.00
0.014 0.00
0.040 0.00
-0.012 0.00
-0.012 0.00
0.014 0.00
0.437 0.00
0.410 0.00
0.384 0.00
0.305 0.00
0.384 0.00
0.225 0.00
0.252 0.00
0.305 0.00
0.173 7.37
0.331 14.15
0.146 20.33
0.252 25.90
0.173 30.95
0.120 35.60
0.146 39.73
0.146 43.47
0.093 47.02
0.173 50.18
0.173 52.95
0.120 55.54
0.199 57.96
0.120 60.19
0.252 62.21
0.199 63.99
0.120 65.43
0.120 66.71
0.173 68.01
0.199 69.20
0.173 70.24
0.040 71.15
0.067 71.98
0.120 72.71
0.199 73.29
0.146 73.77
0.146 74.20
0.146 74.60
0.173 75.07
0.173 75.58
0.093 76.05
0.120 76.48
0.093 76.87
0.120 77.15
0.014 77.36
0.040 77.58
0.040 77.80
0.040 78.00
0.040 78.19
0.040 78.33
0.040 78.46
0.040 78.60
0.040 78.71
0.040 78.73
0.040 78.76
0.040 78.80
0.040 78.85
0.067 78.92
0.040 78.98
0.014 79.03
0.067 79.07
0.067 79.06
0.040 79.02
0.040 78.86
0.067 78.62
0.040 78.44
0.199 78.28
0.173 78.13
0.199 78.00
0.199 77.91
0.173 77.81
0.225 77.69
0.173 77.56
0.120 77.48
0.120 77.40
0.146 77.48
0.067 77.71
0.093 77.90
0.120 78.09
0.093 78.26
0.120 78.36
0.093 78.39
0.067 78.47
0.093 78.41
0.173 78.22
0.173 78.07
0.146 77.95
0.225 77.85
0.225 77.78
0.225 77.66
0.199 77.52
0.173 77.52
0.120 77.60
0.120 77.66
0.040 77.74
0.067 77.79
0.093 77.83
0.040 77.90
0.040 77.94
0.093 77.96
0.093 77.99
0.067 78.02
0.040 78.07
0.040 78.13
0.093 78.20
0.146 78.28
0.093 78.35
0.093 78.36
0.120 78.34
0.120 78.36
0.120 78.40
0.120 78.43
0.120 78.49
0.146 78.55
0.093 78.60
0.067 78.64
0.120 78.68
0.093 78.69
0.067 78.70
0.093 78.73
0.093 78.75
0.040 78.79
0.040 78.83
0.067 78.86
0.067 78.90
0.093 78.94
0.067 78.93
0.093 78.91
0.040 78.90
0.067 78.90
0.040 78.88
0.067 78.86
0.067 78.87
0.093 78.89
0.067 78.91
0.067 78.89
0.067 78.83
0.067 78.79
0.067 78.79
0.067 78.78
0.067 78.78
0.067 78.75
0.067 78.71
0.093 78.68
0.146 78.61
0.120 78.49
0.146 78.38
0.146 78.31
0.199 78.26
0.225 78.23
0.199 78.20
0.199 78.16
0.173 78.15
0.173 78.09
0.120 78.03
0.067 78.01
0.067 78.00
0.067 78.01
0.067 78.03
0.040 78.06
0.014 78.08
0.067 78.11
0.040 78.17
0.093 78.17
0.199 78.17
0.173 78.24
0.199 78.29
0.173 78.32
0.173 78.36
0.173 78.44
0.199 78.52
0.173 78.60
0.120 78.64
0.146 78.50
0.146 78.18
0.120 77.90
0.040 77.75
0.067 77.63
0.067 77.54
0.093 77.47
0.040 77.42
0.067 77.33
0.067 77.24
0.040 77.18
0.067 77.13
0.067 77.09
0.040 77.09
0.067 77.11
0.040 77.13
0.093 77.19
0.173 77.19
0.040 77.16
0.067 77.13
0.146 77.29
0.120 77.63
0.173 77.92
0.146 78.18
0.120 78.43
0.146 78.64
0.146 78.80
0.120 78.90
0.173 78.98
0.199 79.07
0.173 79.17
0.173 79.25
0.199 79.30
0.199 79.35
0.199 79.40
0.146 79.43
0.173 79.39
0.173 79.36
0.173 79.36
0.146 79.35
0.173 79.36
0.173 79.38
0.173 79.37
0.146 79.36
0.199 79.35
0.146 79.33
0.146 79.28
0.120 79.25
0.173 79.22
0.120 79.19
0.120 79.17
0.093 78.97
-0.356 78.01
-0.197 75.74
-0.197 72.32
-0.065 68.28
-0.012 63.90
-0.039 59.43
-0.039 55.10
0.014 50.95
-0.039 47.06
0.014 43.38
0.014 39.89
-0.012 36.65
-0.039 33.56
-0.012 30.59
0.014 27.86
-0.012 25.29
-0.012 22.78
0.014 20.42
0.014 18.30
0.014 16.27
0.014 14.31
0.014 12.65
0.014 11.22
0.014 10.01
0.014 8.97
0.040 8.08
-0.012 7.32
0.014 0.00
0.014 0.00
0.014 0.00
-0.012 0.00
-0.012 0.00
-0.039 0.00
0.014 0.00
-0.012 0.00
-0.012 0.00
-0.039 0.00
0.014 0.00
0.014 0.00
0.014 0.00
0.040 0.00
0.040 0.00
0.014 0.00
0.014 0.00
0.014 0.00
-0.039 0.00
-0.012 0.00
-0.012 0.00
-0.012 0.00
-0.012 0.00
-0.012 0.00
-0.012 0.00
-0.039 0.00
0.014 0.00
-0.039 0.00
0.014 0.00
-0.012 0.00
-0.012 0.00
-0.039 0.00
-0.012 0.00
-0.012 0.00
-0.012 0.00
0.014 0.00
-0.012 0.00
0.014 0.00
-0.012 0.00
-0.012 0.00
-0.012 0.00
-0.039 0.00
-0.039 0.00
0.067 0.00
-0.012 0.00
-0.012 0.00
0.040 0.00
0.014 0.00
0.014 0.00
-0.012 0.00
-0.012 0.00
0.014 0.00
-0.012 0.00
0.040 0.00
-0.012 0.00
0.014 0.00
0.014 0.00
0.014 0.00
0.014 0.00
0.014 0.00
0.014 0.00
0.040 0.00
0.014 0.00
-0.012 0.00
0.014 0.00
-0.012 0.00
-0.012 0.00
-0.039 0.00
-0.012 0.00
0.040 0.00
-0.039 0.00
0.014 0.00
0.014 0.00
-0.012 0.00
-0.012 0.00
0.014 0.00
0.014 0.00
0.014 0.00
-0.012 0.00
-0.039 0.00
0.040 0.00
0.014 0.00
-0.012 0.00
0.014 0.00
0.014 0.00
-0.012 0.00
-0.012 0.00
0.014 0.00
-0.012 0.00
0.014 0.00
-0.012 0.00
-0.012 0.00
-0.012 0.00
-0.039 0.00
-0.012 0.00
-0.012 0.00
0.014 0.00
0.014 0.00
0.014 0.00
-0.039 0.00
0.014 0.00
0.014 0.00
0.014 0.00
-0.012 0.00
-0.012 0.00
-0.039 0.00
-0.039 0.00
0.014 0.00
-0.012 0.00
-0.012 0.00
-0.012 0.00
0.014 0.00
-0.012 0.00
0.014 0.00
-0.012 0.00
-0.012 0.00
-0.012 0.00
-0.012 0.00
0.014 0.00
-0.012 0.00
-0.039 0.00
0.040 0.00
-0.039 0.00
-0.039 0.00
-0.012 0.00
-0.012 0.00
0.040 0.00
-0.012 0.00
-0.039 0.00
-0.012 0.00
0.014 0.00
0.014 0.00
-0.012 0.00
0.014 0.00
0.040 0.00
-0.012 0.00
-0.012 0.00
-0.012 0.00
-0.012 0.00
0.014 0.00
0.040 0.00
0.040 0.00
-0.012 0.00
0.014 0.00
-0.012 0.00
-0.012 0.00
0.014 0.00
0.014 0.00
-0.012 0.00
0.014 0.00
0.014 0.00
-0.012 0.00
0.014 0.00
-0.012 0.00
-0.012 0.00
0.014 0.00
-0.012 0.00
0.014 0.00
0.040 0.00
-0.039 0.00
0.040 0.00
0.014 0.00
-0.039 0.00
-0.012 0.00
0.014 0.00
-0.012 0.00
0.014 0.00
0.014 0.00
-0.039 0.00
-0.012 0.00
0.040 0.00
-0.012 0.00
-0.012 0.00
0.040 0.00
0.014 0.00
0.040 0.00
-0.012 0.00
0.014 0.00
0.014 0.00
-0.012 0.00
-0.012 0.00
-0.012 0.00
-0.012 0.00
-0.012 0.00
-0.039 0.00
0.014 0.00
-0.012 0.00
-0.039 0.00
-0.012 0.00
-0.039 0.00
0.014 0.00
0.014 0.00
0.014 0.00
-0.012 0.00
-0.012 0.00
-0.039 0.00
-0.012 0.00
0.014 0.00
0.014 0.00
-0.039 0.00
0.067 0.00
0.516 0.00
0.410 0.00
0.357 0.00
0.357 0.00
0.384 0.00
0.305 0.00
0.225 0.00
0.331 0.00
0.199 7.19
0.305 13.78
0.146 19.95
0.278 25.64
0.173 30.76
0.093 35.44
0.146 39.80
0.146 43.75
0.093 47.26
0.225 50.46
0.173 53.38
0.120 55.97
0.225 58.24
0.120 60.33
0.225 62.17
0.120 63.83
0.093 65.46
0.173 66.84
0.225 67.98
0.146 69.08
0.093 70.15
0.093 71.13
0.146 72.00
0.173 72.73
0.225 73.35
0.173 73.91
0.173 74.44
0.120 74.93
0.093 75.38
0.040 75.79
0.067 76.18
0.067 76.56
0.040 76.84
0.067 77.04
0.067 77.23
0.067 77.43
0.093 77.62
0.067 77.81
0.040 77.98
0.040 78.14
0.040 78.27
0.040 78.40
0.067 78.49
0.067 78.53
0.067 78.58
0.014 78.65
0.040 78.70
0.067 78.75
0.067 78.79
0.067 78.83
0.067 78.86
0.067 78.84
0.093 78.81
0.040 78.80
0.040 78.79
0.067 78.81
0.120 78.84
0.067 78.87
0.093 78.89
0.146 78.89
0.093 78.83
0.067 78.76
0.093 78.71
0.067 78.68
0.067 78.65
0.093 78.62
0.093 78.58
0.067 78.54
0.067 78.53
0.040 78.48
0.067 78.42
0.093 78.37
0.120 78.38
0.199 78.48
0.199 78.56
0.199 78.63
0.199 78.69
0.173 78.74
0.199 78.74
0.173 78.72
0.146 78.72
0.173 78.73
0.173 78.73
0.173 78.57
0.120 78.26
0.040 78.00
0.093 77.77
0.040 77.55
0.067 77.37
0.067 77.22
0.067 77.10
0.067 77.01
0.040 76.92
0.040 76.89
0.067 76.88
0.067 76.90
0.093 76.93
0.040 76.91
0.093 76.88
0.093 76.89
0.040 76.92
0.093 76.95
0.067 76.99
0.093 77.05
0.067 77.08
0.040 77.10
0.040 77.12
0.067 77.12
0.040 77.12
0.014 77.13
0.040 77.17
0.067 77.20
0.067 77.22
0.093 77.25
0.067 77.28
0.093 77.28
0.067 77.23
0.093 77.21
0.093 77.22
0.173 77.24
0.146 77.42
0.120 77.76
0.120 78.07
0.146 78.34
0.146 78.52
0.120 78.64
0.146 78.76
0.120 78.88
0.146 78.98
0.146 79.07
0.146 79.15
0.146 79.22
0.120 79.29
0.146 79.34
0.173 79.31
0.146 79.29
0.146 79.30
0.173 79.28
0.146 79.26
0.173 79.27
0.146 79.28
0.120 79.28
0.173 79.07
0.067 78.64
0.093 78.28
0.067 78.01
0.014 77.78
0.067 77.59
0.040 77.44
0.067 77.31
0.040 77.22
0.067 77.17
0.040 77.06
0.120 76.93
0.120 76.84
0.067 76.92
0.093 77.15
0.146 77.34
0.146 77.50
0.146 77.65
0.120 77.79
0.146 77.87
0.199 77.89
0.173 77.94
0.173 77.97
0.225 78.03
0.173 78.11
0.173 78.20
0.199 78.30
0.199 78.43
0.173 78.52
0.199 78.53
0.199 78.56
0.199 78.63
0.199 78.69
0.173 78.74
0.199 78.80
0.199 78.90
0.173 79.00
0.199 79.05
0.146 79.04
0.146 79.04
0.173 79.06
0.093 79.10
0.093 79.15
0.067 79.20
0.067 79.23
0.067 79.14
0.067 78.89
0.040 78.64
0.040 78.46
0.040 78.32
0.067 78.20
0.040 78.08
0.040 77.98
0.067 77.91
0.093 77.87
0.093 77.84
0.146 77.95
0.173 78.21
0.199 78.46
0.146 78.67
0.173 78.84
0.120 79.00
0.199 79.13
0.173 79.26
0.173 79.37
0.173 79.40
0.173 79.39
0.199 79.38
0.173 79.39
0.173 79.42
0.173 79.45
0.173 79.47
0.173 79.49
-0.435 78.56
-0.250 76.05
-0.224 72.59
-0.092 68.53
-0.092 64.13
0.014 59.76
-0.012 55.51
0.014 51.40
0.014 47.48
-0.012 43.77
-0.012 40.31
0.040 37.06
0.014 33.98
-0.012 31.11
0.014 28.37
0.014 25.70
-0.039 23.20
0.014 20.84
0.014 18.68
0.014 16.69
0.040 14.84
0.040 13.26
-0.012 11.91
-0.012 10.76
0.014 9.78
0.014 8.94
-0.012 8.22
-0.012 7.61
-0.012 7.08
-0.012 0.00
-0.012 0.00
-0.012 0.00
-0.012 0.00
0.014 0.00
0.014 0.00
-0.039 0.00
-0.012 0.00
-0.012 0.00
0.014 0.00
0.040 0.00
0.040 0.00
-0.039 0.00
0.040 0.00
0.040 0.00
0.014 0.00
0.014 0.00
-0.012 0.00
-0.012 0.00
0.014 0.00
0.040 0.00
0.014 0.00
-0.012 0.00
0.014 0.00
-0.012 0.00
0.014 0.00
-0.012 0.00
-0.012 0.00
-0.012 0.00
0.014 0.00
-0.012 0.00
0.040 0.00
0.014 0.00
-0.012 0.00
-0.012 0.00
0.014 0.00
-0.012 0.00
0.014 0.00
-0.012 0.00
-0.012 0.00
-0.012 0.00
-0.012 0.00
0.040 0.00
0.014 0.00
0.014 0.00
-0.012 0.00
-0.012 0.00
0.040 0.00
-0.012 0.00
0.014 0.00
0.014 0.00
-0.012 0.00
0.040 0.00
0.014 0.00
0.014 0.00
0.014 0.00
-0.012 0.00
-0.012 0.00
-0.012 0.00
-0.012 0.00
0.040 0.00
-0.012 0.00
-0.039 0.00
-0.012 0.00
0.014 0.00
-0.012 0.00
-0.039 0.00
0.040 0.00
0.014 0.00
0.014 0.00
-0.012 0.00
0.014 0.00
-0.012 0.00
-0.012 0.00
-0.012 0.00
-0.039 0.00
-0.039 0.00
0.040 0.00
-0.012 0.00
-0.012 0.00
0.040 0.00
-0.039 0.00
0.014 0.00
0.040 0.00
-0.012 0.00
-0.012 0.00
0.040 0.00
-0.012 0.00
0.040 0.00
-0.012 0.00
-0.012 0.00
0.014 0.00
-0.012 0.00
-0.039 0.00
0.040 0.00
-0.012 0.00
-0.039 0.00
0.014 0.00
-0.012 0.00
0.014 0.00
0.014 0.00
0.014 0.00
0.040 0.00
0.067 0.00
0.014 0.00
0.014 0.00
-0.039 0.00
-0.012 0.00
-0.012 0.00
-0.039 0.00
0.014 0.00
-0.012 0.00
-0.039 0.00
0.014 0.00
0.014 0.00
-0.012 0.00
-0.012 0.00
0.040 0.00
0.014 0.00
-0.039 0.00
-0.039 0.00
0.014 0.00
0.014 0.00
0.014 0.00
-0.012 0.00
0.014 0.00
0.014 0.00
-0.039 0.00
-0.012 0.00
-0.065 0.00
-0.012 0.00
-0.012 0.00
0.014 0.00
-0.039 0.00
0.014 0.00
-0.012 0.00
-0.012 0.00
-0.012 0.00
0.040 0.00
-0.039 0.00
0.014 0.00
-0.039 0.00
-0.012 0.00
-0.012 0.00
-0.012 0.00
-0.012 0.00
0.014 0.00
0.014 0.00
-0.012 0.00
0.014 0.00
-0.012 0.00
-0.012 0.00
-0.039 0.00
0.014 0.00
-0.012 0.00
0.014 0.00
-0.012 0.00
-0.012 0.00
0.014 0.00
0.014 0.00
-0.012 0.00
0.014 0.00
0.014 0.00
0.067 0.00
0.014 0.00
-0.012 0.00
0.014 0.00
-0.012 0.00
0.014 0.00
0.040 0.00
-0.012 0.00
0.014 0.00
0.040 0.00
0.014 0.00
-0.012 0.00
0.014 0.00
0.014 0.00
-0.012 0.00
-0.012 0.00
-0.012 0.00
0.014 0.00
0.014 0.00
-0.012 0.00
0.040 0.00
-0.012 0.00
0.014 0.00
0.014 0.00
0.014 0.00
-0.012 0.00
0.014 0.00
0.014 0.00
-0.012 0.00
-0.039 0.00
0.014 0.00
-0.012 0.00
0.040 0.00
-0.039 0.00
-0.012 0.00
0.014 0.00
0.040 0.00
0.463 0.00
0.410 0.00
0.331 0.00
0.410 0.00
0.305 0.00
0.252 0.00
0.252 0.00
0.252 0.00
0.173 7.40
0.278 14.11
0.199 20.25
0.305 25.92
0.225 30.97
0.146 35.57
0.067 39.91
0.146 43.92
0.199 47.46
0.173 50.60
0.093 53.48
0.173 56.15
0.093 58.38
0.225 60.31
0.093 62.19
0.199 63.82
0.199 65.27
0.067 66.68
0.067 68.05
0.173 69.16
0.146 70.05
0.120 71.00
0.093 71.95
0.146 72.78
0.120 73.42
0.146 73.86
0.225 74.27
0.173 74.67
0.199 75.00
0.225 75.31
0.173 75.61
0.199 75.85
0.199 76.11
0.173 76.44
0.173 76.75
0.146 77.04
0.146 77.29
0.173 77.51
0.146 77.71
0.120 77.90
0.146 78.02
0.146 78.11
0.120 78.20
0.120 78.30
0.120 78.41
0.120 78.50
0.173 78.60
0.173 78.70
0.199 78.79
0.173 78.85
0.173 78.85
0.146 78.82
0.173 78.81
0.146 78.80
0.173 78.79
0.146 78.83
0.173 78.86
0.146 78.88
0.173 78.84
0.146 78.77
0.173 78.72
0.173 78.71
0.120 78.71
0.173 78.70
0.120 78.67
0.120 78.64
0.120 78.63
0.067 78.65
0.093 78.60
0.120 78.50
0.067 78.44
0.093 78.38
0.093 78.33
0.067 78.31
0.093 78.30
0.067 78.24
0.146 78.21
0.146 78.19
0.173 78.11
0.173 78.04
0.199 78.00
0.199 78.01
0.173 78.02
0.146 78.02
0.173 78.05
0.173 78.09
0.146 78.10
0.093 78.06
0.067 78.04
0.067 78.06
0.067 78.06
0.093 78.06
0.093 78.08
0.067 78.12
0.093 78.17
0.040 78.21
0.067 78.27
0.199 78.36
0.173 78.46
0.199 78.56
0.173 78.67
0.173 78.77
0.146 78.87
0.225 78.97
0.199 79.09
0.199 79.16
0.199 79.18
0.173 79.20
0.199 79.24
0.173 79.29
0.093 79.34
0.067 79.40
0.120 79.43
0.093 79.41
0.120 79.35
0.040 79.27
0.067 79.21
0.067 79.16
0.040 79.12
0.093 79.09
0.067 79.06
0.067 79.08
0.067 79.11
0.093 79.10
0.067 79.05
0.067 79.03
0.014 79.01
0.067 78.97
0.040 78.94
0.040 78.93
0.067 78.94
0.040 78.96
0.067 78.93
0.040 78.86
0.093 78.80
0.040 78.77
0.040 78.77
0.093 78.77
0.067 78.74
0.040 78.70
0.067 78.69
0.067 78.66
0.040 78.59
0.093 78.53
0.067 78.54
0.225 78.62
0.199 78.66
0.225 78.67
0.173 78.70
0.173 78.73
0.146 78.73
0.146 78.71
0.173 78.68
0.146 78.65
0.146 78.46
0.093 78.15
0.067 77.88
0.067 77.67
0.067 77.51
0.040 77.35
0.067 77.18
0.067 77.01
0.067 76.89
0.067 76.79
0.093 76.84
0.120 77.05
0.120 77.24
0.146 77.40
0.146 77.56
0.173 77.67
0.225 77.77
0.225 77.87
0.173 77.98
0.199 78.07
0.199 78.17
0.225 78.29
0.199 78.40
0.225 78.51
0.173 78.59
0.146 78.63
0.146 78.69
0.173 78.74
0.173 78.80
0.173 78.86
0.173 78.90
0.173 78.96
0.199 79.01
0.146 79.04
0.146 79.04
0.120 79.04
0.173 79.06
0.120 79.07
0.120 79.09
0.093 79.12
0.093 79.17
0.067 79.07
0.067 78.82
0.067 78.59
0.093 78.37
0.093 78.19
0.093 78.03
0.093 77.91
0.040 77.82
0.014 77.73
0.040 77.66
0.067 77.60
0.040 77.53
0.067 77.42
0.040 77.34
0.040 77.27
0.014 77.22
0.067 77.17
0.014 77.12
0.067 77.12
0.040 77.09
-0.250 76.36
-0.197 74.20
-0.145 70.92
-0.171 67.01
-0.039 62.79
-0.092 58.49
-0.012 54.28
-0.012 50.28
-0.012 46.50
-0.012 42.87
0.014 39.43
0.014 36.24
-0.012 33.23
-0.012 30.32
-0.012 27.59
-0.012 25.01
0.014 22.48
0.014 20.08
-0.012 17.92
0.014 16.08
0.014 14.51
-0.012 13.17
-0.039 12.02
-0.039 11.04
0.014 10.21
0.014 9.49
-0.012 8.88
0.014 8.36
0.014 7.92
0.014 7.54
-0.012 7.21
0.014 0.00
0.014 0.00
-0.039 0.00
-0.039 0.00
0.014 0.00
-0.012 0.00
-0.012 0.00
-0.012 0.00
0.014 0.00
-0.012 0.00
-0.012 0.00
0.014 0.00
-0.039 0.00
0.014 0.00
-0.012 0.00
0.040 0.00
-0.065 0.00
0.014 0.00
0.014 0.00
-0.012 0.00
-0.012 0.00
-0.012 0.00
0.040 0.00
0.014 0.00
-0.012 0.00
-0.012 0.00
-0.012 0.00
0.040 0.00
0.014 0.00
0.014 0.00
-0.065 0.00
-0.012 0.00
0.014 0.00
0.014 0.00
-0.012 0.00
-0.039 0.00
-0.012 0.00
0.014 0.00
-0.012 0.00
-0.012 0.00
-0.012 0.00
0.014 0.00
0.014 0.00
-0.012 0.00
0.014 0.00
0.014 0.00
-0.012 0.00
0.067 0.00
-0.012 0.00
0.014 0.00
0.014 0.00
0.014 0.00
0.040 0.00
0.040 0.00
0.014 0.00
0.014 0.00
0.014 0.00
0.014 0.00
0.040 0.00
-0.039 0.00
-0.012 0.00
0.014 0.00
-0.012 0.00
0.014 0.00
0.040 0.00
-0.012 0.00
0.014 0.00
-0.012 0.00
-0.012 0.00
-0.012 0.00
-0.012 0.00
-0.039 0.00
-0.012 0.00
0.014 0.00
0.040 0.00
0.014 0.00
-0.039 0.00
0.014 0.00
0.014 0.00
-0.012 0.00
0.014 0.00
0.014 0.00
0.014 0.00
-0.012 0.00
-0.012 0.00
0.014 0.00
0.040 0.00
0.014 0.00
0.040 0.00
-0.012 0.00
0.014 0.00
-0.012 0.00
-0.012 0.00
0.014 0.00
0.014 0.00
0.014 0.00
0.014 0.00
0.014 0.00
-0.012 0.00
-0.012 0.00
-0.039 0.00
-0.039 0.00
0.014 0.00
0.014 0.00
0.014 0.00
-0.039 0.00
0.014 0.00
0.014 0.00
-0.039 0.00
0.040 0.00
-0.039 0.00
-0.012 0.00
0.014 0.00
0.014 0.00
-0.012 0.00
-0.012 0.00
0.014 0.00
-0.012 0.00
-0.012 0.00
-0.012 0.00
0.014 0.00
-0.012 0.00
-0.039 0.00
-0.039 0.00
0.014 0.00
-0.039 0.00
-0.012 0.00
0.014 0.00
0.014 0.00
0.014 0.00
-0.012 0.00
0.014 0.00
0.014 0.00
-0.012 0.00
-0.012 0.00
-0.039 0.00
0.014 0.00
0.014 0.00
0.014 0.00
0.014 0.00
-0.039 0.00
-0.065 0.00
0.014 0.00
-0.012 0.00
0.014 0.00
-0.012 0.00
-0.012 0.00
-0.012 0.00
-0.012 0.00
-0.012 0.00
0.014 0.00
0.014 0.00
0.014 0.00
0.014 0.00
-0.012 0.00
-0.012 0.00
-0.012 0.00
-0.012 0.00
-0.039 0.00
0.040 0.00
-0.012 0.00
0.040 0.00
0.040 0.00
-0.012 0.00
-0.012 0.00
-0.012 0.00
0.014 0.00
0.040 0.00
-0.039 0.00
-0.012 0.00
-0.012 0.00
0.014 0.00
0.040 0.00
0.040 0.00
0.014 0.00
0.014 0.00
0.014 0.00
-0.012 0.00
-0.039 0.00
0.014 0.00
0.014 0.00
-0.039 0.00
-0.012 0.00
-0.012 0.00
0.014 0.00
-0.012 0.00
-0.039 0.00
-0.039 0.00
-0.039 0.00
-0.012 0.00
0.014 0.00
-0.012 0.00
0.014 0.00
0.014 0.00
-0.012 0.00
-0.039 0.00
-0.012 0.00
0.093 0.00
0.437 0.00
0.410 0.00
0.331 0.00
0.331 0.00
0.384 0.00
0.278 0.00
0.252 0.00
0.305 0.00
0.225 7.19
0.305 13.73
0.173 19.83
0.252 25.56
0.146 30.78
0.146 35.53
0.120 39.93
0.146 43.89
0.146 47.43
0.199 50.65
0.120 53.45
0.225 55.90
0.199 58.14
0.199 60.22
0.093 62.16
0.173 63.80
0.120 65.31
0.067 66.80
0.120 68.04
0.199 69.02
0.093 69.97
0.093 70.86
0.120 71.58
0.173 72.25
0.173 72.90
0.120 73.51
0.067 74.10
0.040 74.59
0.093 75.04
0.040 75.48
0.067 75.90
0.146 76.27
0.173 76.59
0.173 76.91
0.199 77.20
0.173 77.44
0.146 77.68
0.173 77.89
0.199 78.10
0.146 78.28
0.120 78.39
0.146 78.46
0.173 78.54
0.093 78.64
0.173 78.74
0.146 78.82
0.146 78.85
0.146 78.90
0.146 79.00
0.173 78.89
0.146 78.57
0.146 78.50
0.146 78.64
0.120 78.52
0.120 78.43
0.120 78.42
0.120 78.21
0.120 78.03
0.093 77.84
0.093 77.61
0.040 77.44
0.067 77.31
0.040 77.22
0.014 77.17
0.067 77.12
0.067 77.08
0.067 77.04
0.093 76.97
0.093 76.86
0.093 76.76
0.093 76.69
0.120 76.77
0.120 76.98
0.173 77.16
0.173 77.31
0.146 77.44
0.173 77.53
0.199 77.56
0.225 77.60