0.034 0.00
-0.019 0.00
-0.019 0.00
0.007 0.00
-0.019 0.00
-0.019 0.00
-0.045 0.00
-0.019 0.00
-0.019 0.00
0.007 0.00
0.007 0.00
-0.019 0.00
-0.019 0.00
-0.045 0.00
0.007 0.00
-0.019 0.00
0.007 0.00
0.007 0.00
0.007 0.00
-0.019 0.00
0.034 0.00
-0.019 0.00
0.034 0.00
-0.019 0.00
0.007 0.00
-0.019 0.00
0.007 0.00
-0.019 0.00
-0.019 0.00
0.007 0.00
0.034 0.00
0.060 0.00
-0.019 0.00
0.007 0.00
0.007 0.00
0.007 0.00
0.007 0.00
-0.019 0.00
-0.019 0.00
0.034 0.00
0.007 0.00
-0.019 0.00
-0.019 0.00
0.007 0.00
0.007 0.00
0.034 0.00
0.007 0.00
-0.019 0.00
0.034 0.00
0.034 0.00
-0.019 0.00
-0.019 0.00
0.007 0.00
0.034 0.00
0.007 0.00
-0.019 0.00
-0.019 0.00
-0.019 0.00
-0.045 0.00
-0.019 0.00
-0.019 0.00
-0.019 0.00
0.007 0.00
-0.019 0.00
-0.045 0.00
0.007 0.00
-0.019 0.00
0.034 0.00
-0.019 0.00
-0.019 0.00
0.007 0.00
-0.019 0.00
0.007 0.00
0.007 0.00
-0.045 0.00
0.007 0.00
0.007 0.00
0.007 0.00
-0.019 0.00
-0.019 0.00
0.007 0.00
-0.045 0.00
-0.019 0.00
0.007 0.00
0.007 0.00
0.007 0.00
0.034 0.00
-0.019 0.00
0.007 0.00
0.007 0.00
0.007 0.00
0.007 0.00
0.007 0.00
-0.019 0.00
-0.019 0.00
0.007 0.00
0.007 0.00
-0.045 0.00
0.007 0.00
-0.045 0.00
-0.019 0.00
0.034 0.00
0.007 0.00
0.007 0.00
0.034 0.00
-0.019 0.00
-0.019 0.00
-0.019 0.00
0.007 0.00
0.034 0.00
0.007 0.00
0.034 0.00
0.007 0.00
0.007 0.00
0.007 0.00
-0.019 0.00
0.007 0.00
0.007 0.00
0.034 0.00
0.034 0.00
0.007 0.00
0.007 0.00
0.007 0.00
-0.019 0.00
0.007 0.00
0.007 0.00
0.034 0.00
0.034 0.00
0.007 0.00
-0.019 0.00
0.034 0.00
-0.019 0.00
0.034 0.00
0.034 0.00
0.034 0.00
-0.019 0.00
-0.019 0.00
0.034 0.00
-0.019 0.00
-0.019 0.00
0.007 0.00
0.007 0.00
0.034 0.00
0.007 0.00
-0.019 0.00
0.007 0.00
-0.019 0.00
0.007 0.00
0.034 0.00
0.007 0.00
0.007 0.00
-0.019 0.00
0.007 0.00
-0.019 0.00
0.034 0.00
0.007 0.00
0.034 0.00
0.034 0.00
0.007 0.00
-0.019 0.00
-0.019 0.00
0.034 0.00
0.007 0.00
0.007 0.00
0.034 0.00
0.007 0.00
0.007 0.00
0.007 0.00
0.034 0.00
0.007 0.00
0.007 0.00
-0.019 0.00
-0.019 0.00
-0.019 0.00
0.007 0.00
0.034 0.00
-0.019 0.00
0.007 0.00
-0.019 0.00
0.007 0.00
-0.019 0.00
0.007 0.00
0.007 0.00
-0.019 0.00
0.034 0.00
0.007 0.00
0.007 0.00
0.007 0.00
0.034 0.00
-0.019 0.00
-0.019 0.00
0.060 0.00
0.034 0.00
0.007 0.00
0.007 0.00
0.007 0.00
-0.019 0.00
-0.019 0.00
0.007 0.00
0.007 0.00
0.034 0.00
0.007 0.00
-0.019 0.00
0.007 0.00
0.034 0.00
0.034 0.00
-0.019 0.00
0.034 0.00
-0.045 0.00
0.034 0.00
-0.019 0.00
0.007 0.00
0.034 0.00
0.007 0.00
0.007 0.00
0.007 0.00
0.007 0.00
0.007 0.00
0.007 0.00
-0.019 0.00
-0.019 0.00
0.007 0.00
0.007 0.00
-0.019 0.00
0.007 0.00
-0.019 0.00
0.007 0.00
-0.019 0.00
-0.019 0.00
0.007 0.00
0.007 0.00
-0.019 0.00
0.034 0.00
-0.019 0.00
-0.019 0.00
0.007 0.00
0.087 0.00
1.011 0.00
0.826 0.00
0.721 0.00
0.641 8.84
0.589 18.93
0.615 29.94
0.377 40.87
0.377 51.79
0.536 62.65
0.562 73.10
0.298 82.08
0.298 90.88
0.324 99.82
0.219 107.37
0.430 113.68
0.351 118.99
0.377 124.64
0.113 130.47
0.298 135.01
0.166 139.27
0.139 143.50
0.219 148.05
0.139 151.58
0.192 153.20
0.166 155.42
0.245 158.38
0.324 161.41
0.192 163.04
0.192 163.62
0.219 164.49
0.113 165.52
0.139 167.21
0.166 168.47
0.219 168.82
0.113 169.41
0.166 169.73
0.219 169.80
0.166 170.06
0.219 171.21
0.166 172.01
0.113 172.47
0.298 173.88
0.113 175.89
0.219 176.78
0.192 176.62
0.139 176.79
0.219 177.15
0.139 177.16
0.166 176.44
0.219 176.65
0.139 177.90
0.113 178.96
0.298 179.87
0.139 181.35
0.245 181.44
0.245 180.61
0.087 180.29
0.139 179.32
0.219 178.19
0.166 178.14
0.139 179.53
0.272 180.94
0.166 181.34
0.139 181.79
0.219 182.40
0.166 181.76
0.166 180.46
0.192 180.30
0.192 181.12
0.087 181.72
0.219 182.35
0.192 182.88
0.192 182.05
0.245 180.61
0.139 180.44
0.113 180.10
0.087 179.58
0.272 180.52
0.139 182.02
0.166 182.01
0.245 180.58
0.087 179.76
0.139 178.86
0.219 178.52
0.272 179.16
0.139 180.40
0.192 180.53
0.272 179.74
0.087 179.66
0.139 178.88
0.272 177.81
0.166 177.82
0.087 179.50
0.245 181.28
0.139 181.64
0.087 181.17
0.139 180.07
0.219 178.83
0.139 178.80
0.113 180.20
0.245 181.52
0.219 181.72
0.087 181.25
0.139 180.13
0.219 178.88
0.139 178.85
0.113 180.37
0.192 181.89
0.139 182.16
0.113 181.62
0.139 180.55
0.272 179.33
0.139 179.23
0.113 180.69
0.192 181.10
0.219 180.42
0.113 180.24
0.139 179.37
0.272 178.85
0.272 179.44
0.087 180.88
0.192 181.16
0.245 179.85
0.166 179.14
0.113 178.33
0.113 178.07
0.298 179.23
0.139 181.04
0.139 181.30
0.245 179.97
0.219 179.78
0.192 179.42
0.034 178.89
0.272 179.94
0.192 181.17
0.139 180.91
0.192 179.84
0.245 179.88
0.139 180.88
0.113 181.40
0.139 181.96
0.192 182.67
0.113 182.08
0.113 181.58
0.139 182.70
0.219 184.00
0.166 184.18
0.060 183.56
0.166 182.21
0.298 181.39
0.272 181.72
0.192 182.82
0.139 182.82
0.192 181.37
0.166 181.18
0.166 182.00
0.087 182.46
0.139 183.10
0.192 183.87
0.166 183.22
0.113 182.55
0.113 183.53
0.166 184.71
0.192 184.68
0.087 183.88
0.113 182.58
0.087 181.80
0.166 182.53
0.166 183.38
0.139 182.90
0.139 181.74
0.139 181.60
0.272 182.35
0.113 182.66
0.034 182.26
0.113 181.20
0.060 180.62
0.219 181.40
0.219 182.19
0.139 181.77
0.139 180.77
0.113 180.77
0.245 181.64
0.113 181.95
0.060 181.54
0.113 180.59
0.087 180.09
0.219 181.08
0.166 182.03
0.087 181.43
0.166 180.29
0.139 180.36
0.219 181.29
0.166 181.75
0.034 181.49
0.113 180.54
0.087 180.05
0.219 181.04
0.192 182.11
0.139 181.82
0.113 180.81
0.113 181.53
0.192 183.13
0.192 183.55
0.087 183.23
0.113 182.14
0.060 181.53
0.139 182.53
-1.049 180.85
-0.812 174.43
-0.521 164.74
-0.442 152.87
-0.178 140.44
-0.178 128.30
-0.151 116.88
-0.045 106.18
0.007 96.28
-0.045 86.95
0.007 78.49
0.034 71.07
-0.019 64.35
-0.045 58.15
-0.019 52.39
-0.045 47.25
-0.019 42.70
0.007 38.42
-0.045 34.50
0.007 30.93
-0.045 27.63
0.007 24.53
-0.019 21.63
0.007 19.15
-0.019 17.04
0.007 15.24
-0.019 13.70
0.034 12.38
0.007 11.26
0.007 10.30
-0.019 9.48
-0.019 8.78
-0.019 8.18
-0.019 7.67
0.007 7.23
-0.019 0.00
-0.019 0.00
0.007 0.00
-0.019 0.00
-0.045 0.00
0.007 0.00
0.007 0.00
-0.019 0.00
0.007 0.00
0.034 0.00
0.034 0.00
-0.045 0.00
-0.019 0.00
-0.019 0.00
-0.019 0.00
-0.019 0.00
-0.019 0.00
0.007 0.00
-0.019 0.00
-0.019 0.00
0.007 0.00
0.007 0.00
0.007 0.00
0.007 0.00
0.007 0.00
0.034 0.00
-0.019 0.00
-0.019 0.00
-0.019 0.00
-0.019 0.00
-0.019 0.00
-0.019 0.00
0.007 0.00
-0.045 0.00
-0.019 0.00
-0.019 0.00
0.034 0.00
-0.019 0.00
-0.019 0.00
-0.019 0.00
-0.019 0.00
-0.019 0.00
0.007 0.00
-0.019 0.00
-0.019 0.00
-0.019 0.00
0.007 0.00
0.034 0.00
0.007 0.00
0.007 0.00
-0.019 0.00
-0.045 0.00
-0.019 0.00
-0.045 0.00
-0.019 0.00
-0.019 0.00
0.007 0.00
0.034 0.00
0.007 0.00
0.007 0.00
-0.019 0.00
-0.019 0.00
-0.045 0.00
-0.019 0.00
0.007 0.00
0.007 0.00
0.034 0.00
0.007 0.00
-0.019 0.00
0.007 0.00
0.007 0.00
-0.045 0.00
-0.045 0.00
0.007 0.00
0.007 0.00
0.007 0.00
-0.045 0.00
-0.019 0.00
0.007 0.00
0.007 0.00
0.007 0.00
0.007 0.00
-0.045 0.00
0.007 0.00
-0.019 0.00
0.007 0.00
0.007 0.00
-0.019 0.00
0.007 0.00
0.007 0.00
0.007 0.00
-0.019 0.00
0.007 0.00
-0.019 0.00
-0.019 0.00
-0.045 0.00
0.007 0.00
-0.045 0.00
-0.045 0.00
-0.019 0.00
0.007 0.00
-0.019 0.00
0.007 0.00
0.007 0.00
-0.019 0.00
-0.019 0.00
-0.019 0.00
-0.045 0.00
0.007 0.00
0.007 0.00
-0.019 0.00
-0.045 0.00
-0.019 0.00
-0.019 0.00
0.007 0.00
0.034 0.00
-0.019 0.00
-0.019 0.00
0.034 0.00
-0.019 0.00
0.034 0.00
-0.019 0.00
-0.019 0.00
-0.019 0.00
0.007 0.00
0.007 0.00
0.007 0.00
-0.019 0.00
0.007 0.00
0.007 0.00
0.007 0.00
0.007 0.00
0.007 0.00
0.007 0.00
0.034 0.00
0.007 0.00
-0.019 0.00
-0.019 0.00
-0.019 0.00
0.007 0.00
-0.019 0.00
-0.019 0.00
0.007 0.00
-0.045 0.00
-0.019 0.00
0.034 0.00
-0.019 0.00
0.007 0.00
-0.019 0.00
-0.019 0.00
0.007 0.00
0.007 0.00
0.007 0.00
0.007 0.00
0.007 0.00
-0.019 0.00
-0.019 0.00
0.007 0.00
0.034 0.00
0.034 0.00
0.007 0.00
-0.019 0.00
-0.019 0.00
0.007 0.00
-0.045 0.00
-0.045 0.00
-0.019 0.00
0.007 0.00
0.007 0.00
0.007 0.00
0.007 0.00
0.007 0.00
-0.019 0.00
0.007 0.00
-0.072 0.00
-0.045 0.00
-0.019 0.00
0.007 0.00
-0.019 0.00
0.007 0.00
0.034 0.00
0.007 0.00
0.007 0.00
-0.045 0.00
0.007 0.00
0.007 0.00
0.007 0.00
0.007 0.00
-0.019 0.00
-0.019 0.00
0.007 0.00
-0.045 0.00
0.034 0.00
0.906 0.00
0.774 0.00
0.826 7.17
0.536 15.32
0.694 24.68
0.483 34.47
0.509 44.24
0.509 54.61
0.404 64.29
0.351 73.24
0.219 82.40
0.245 90.57
0.245 97.95
0.245 105.05
0.298 111.40
0.324 117.26
0.298 122.66
0.192 128.36
0.166 134.48
0.245 140.09
0.245 144.87
0.245 149.27
0.192 152.36
0.245 154.23
0.113 157.21
0.139 161.30
0.272 164.68
0.060 166.90
0.219 168.69
0.113 171.12
0.192 173.64
0.034 175.00
0.272 176.16
0.060 177.94
0.219 178.41
0.113 177.91
0.139 177.88
0.166 178.30
0.113 178.25
0.113 177.47
0.272 177.85
0.166 179.15
0.060 179.92
0.166 180.70
0.219 181.59
0.139 181.16
0.166 180.05
0.245 179.94
0.166 180.82
0.113 181.46
0.087 182.13
0.245 182.80
0.139 182.20
0.139 181.68
0.113 182.08
0.219 182.64
0.113 182.80
0.060 182.27
0.192 181.21
0.298 179.90
0.166 179.71
0.113 181.11
0.192 181.46
0.219 180.30
0.192 180.27
0.139 179.95
0.087 179.35
0.166 180.21
0.166 181.28
0.139 181.01
0.139 180.66
0.113 181.92
0.219 183.33
0.113 183.62
0.060 183.08
0.113 181.90
0.087 181.21
0.219 182.03
0.192 182.95
0.139 182.44
0.166 181.14
0.192 180.99
0.192 181.95
0.113 182.43
0.113 182.06
0.166 181.03
0.245 179.84
0.245 179.88
0.139 181.24
0.166 181.35
0.192 180.11
0.192 180.11
0.166 181.08
0.060 181.46
0.087 181.24
0.139 181.48
0.192 181.28
0.166 181.11
0.060 182.54
0.166 182.80
0.166 181.55
0.219 181.44
0.166 182.22
0.113 182.54
0.060 182.27
0.139 181.31
0.272 180.08
0.166 179.97
0.139 181.45
0.113 181.88
0.219 180.66
0.166 180.58
0.139 181.48
0.139 181.91
0.087 181.62
0.139 180.66
0.272 179.52
0.245 179.49
0.139 180.92
0.113 181.29
0.219 180.17
0.219 180.16
0.166 181.23
0.113 181.82
0.034 181.54
0.113 180.59
0.139 180.09
0.245 180.73
0.192 182.08
0.113 182.29
0.139 181.12
0.272 181.07
0.219 182.01
0.113 182.49
0.007 182.22
0.139 181.27
0.087 180.79
0.192 181.78
0.166 182.74
0.087 182.36
0.113 182.03
0.139 183.19
0.192 184.54
0.219 184.77
0.087 184.06
0.113 182.74
0.034 182.04
0.166 182.85
0.192 183.65
0.166 183.13
0.113 182.58
0.060 183.55
0.192 183.54
0.219 182.19
0.166 182.10
0.192 183.01
0.113 183.34
0.060 182.94
0.113 181.89
0.113 181.21
0.272 182.03
0.192 182.95
0.087 182.53
0.139 182.07
0.113 183.12
0.166 183.27
0.219 182.58
0.192 182.97
0.113 183.75
0.087 183.97
0.087 183.38
0.139 182.15
0.113 181.54
0.298 182.43
0.166 183.29
0.060 182.83
0.087 182.43
0.087 183.54
0.166 183.53
0.192 182.28
0.166 182.16
0.166 182.95
0.087 183.29
0.087 182.90
0.139 181.85
0.139 181.29
0.192 182.21
0.192 183.10
0.113 182.77
0.139 182.48
0.087 183.71
0.192 183.80
0.219 182.41
0.192 182.17
0.139 182.95
0.113 183.29
0.060 183.01
0.113 182.06
0.087 181.46
0.139 182.35
0.166 183.23
0.219 182.77
0.139 182.38
0.139 183.50
0.087 183.60
0.139 182.33
0.087 182.22
0.166 183.23
-0.970 180.97
-0.812 174.49
-0.600 165.69
-0.495 154.50
-0.283 142.31
-0.125 129.93
-0.072 117.84
-0.098 106.60
-0.045 96.29
0.007 87.00
-0.019 78.76
-0.045 71.18
-0.045 64.30
0.034 58.22
0.034 52.70
0.007 47.58
0.034 42.93
0.007 38.72
0.034 34.82
0.007 31.27
0.007 27.97
0.034 24.96
-0.019 22.28
-0.019 19.87
-0.019 17.60
-0.019 15.45
0.034 13.62
0.034 12.05
0.007 10.71
0.034 9.57
-0.019 8.59
0.034 7.76
0.007 7.05
0.007 0.00
0.007 0.00
0.007 0.00
0.007 0.00
0.007 0.00
0.034 0.00
0.007 0.00
-0.019 0.00
0.007 0.00
0.034 0.00
0.034 0.00
0.007 0.00
0.007 0.00
-0.019 0.00
-0.019 0.00
0.007 0.00
-0.019 0.00
0.007 0.00
0.007 0.00
-0.019 0.00
0.007 0.00
0.034 0.00
0.007 0.00
0.007 0.00
0.007 0.00
-0.019 0.00
0.007 0.00
0.007 0.00
0.034 0.00
0.034 0.00
0.007 0.00
0.007 0.00
0.007 0.00
0.007 0.00
0.007 0.00
-0.019 0.00
0.007 0.00
0.007 0.00
0.060 0.00
0.034 0.00
0.034 0.00
-0.045 0.00
-0.019 0.00
0.007 0.00
0.007 0.00
-0.019 0.00
0.007 0.00
0.007 0.00
-0.019 0.00
0.007 0.00
0.034 0.00
0.007 0.00
0.007 0.00
-0.045 0.00
0.034 0.00
0.007 0.00
0.007 0.00
0.007 0.00
-0.019 0.00
0.007 0.00
0.007 0.00
0.007 0.00
-0.045 0.00
0.007 0.00
-0.019 0.00
0.007 0.00
0.007 0.00
0.034 0.00
-0.019 0.00
0.034 0.00
-0.019 0.00
0.034 0.00
0.007 0.00
0.007 0.00
-0.019 0.00
0.007 0.00
-0.045 0.00
-0.019 0.00
0.007 0.00
0.034 0.00
0.007 0.00
-0.019 0.00
0.007 0.00
0.007 0.00
-0.045 0.00
-0.019 0.00
-0.019 0.00
0.034 0.00
-0.019 0.00
0.007 0.00
0.007 0.00
0.007 0.00
0.007 0.00
-0.045 0.00
0.034 0.00
0.007 0.00
0.007 0.00
0.034 0.00
-0.019 0.00
0.007 0.00
-0.045 0.00
0.060 0.00
-0.019 0.00
0.007 0.00
0.007 0.00
0.007 0.00
-0.019 0.00
-0.045 0.00
0.007 0.00
-0.019 0.00
0.007 0.00
0.007 0.00
0.007 0.00
0.007 0.00
-0.019 0.00
-0.019 0.00
0.007 0.00
-0.019 0.00
0.060 0.00
0.034 0.00
0.007 0.00
0.007 0.00
-0.019 0.00
0.034 0.00
-0.019 0.00
0.007 0.00
0.007 0.00
0.007 0.00
0.007 0.00
0.007 0.00
0.034 0.00
0.007 0.00
0.007 0.00
-0.019 0.00
-0.019 0.00
0.007 0.00
0.007 0.00
-0.045 0.00
0.007 0.00
0.007 0.00
0.007 0.00
0.007 0.00
0.007 0.00
0.007 0.00
-0.019 0.00
-0.019 0.00
0.007 0.00
-0.019 0.00
-0.019 0.00
-0.045 0.00
0.007 0.00
0.007 0.00
0.007 0.00
-0.019 0.00
-0.019 0.00
-0.019 0.00
0.007 0.00
-0.019 0.00
-0.019 0.00
0.007 0.00
-0.019 0.00
0.007 0.00
0.007 0.00
0.007 0.00
-0.019 0.00
0.007 0.00
0.007 0.00
-0.045 0.00
0.007 0.00
-0.019 0.00
0.034 0.00
0.007 0.00
0.007 0.00
0.034 0.00
-0.019 0.00
0.007 0.00
0.007 0.00
-0.019 0.00
-0.019 0.00
0.007 0.00
0.007 0.00
0.034 0.00
0.007 0.00
0.007 0.00
0.007 0.00
0.034 0.00
-0.019 0.00
0.007 0.00
0.034 0.00
-0.019 0.00
-0.019 0.00
0.034 0.00
-0.019 0.00
0.007 0.00
-0.045 0.00
0.007 0.00
0.007 0.00
0.007 0.00
0.906 0.00
0.853 0.00
0.826 0.00
0.800 9.48
0.457 19.80
0.509 30.26
0.615 40.77
0.483 50.93
0.351 60.59
0.351 69.84
0.404 79.06
0.351 88.23
0.324 95.99
0.351 103.50
0.166 111.83
0.166 120.17
0.219 127.77
0.272 133.97
0.192 139.27
0.192 143.18
0.298 146.42
0.245 149.62
0.192 153.07
0.139 157.42
0.166 159.87
0.166 160.73
0.219 161.83
0.087 163.26
0.219 165.27
0.113 166.61
0.245 167.14
0.034 168.08
0.166 169.60
0.139 170.60
0.139 170.84
0.245 171.86
0.139 173.70
0.060 175.15
0.219 176.51
0.219 178.48
0.166 178.99
0.192 178.10
0.166 177.84
0.060 177.33
0.060 177.22
0.219 178.50
0.192 179.71
0.113 179.55
0.192 178.68
0.219 178.88
0.113 180.03
0.060 180.68
0.139 181.47
0.219 182.36
0.113 181.72
0.087 181.06
0.113 182.15
0.219 183.41
0.166 183.46
0.087 182.83
0.139 181.69
0.113 180.93
0.245 181.21
0.166 182.39
0.166 182.55
0.219 181.24
0.192 181.07
0.139 182.02
0.034 182.49
0.113 183.01
0.219 183.68
0.139 183.04
0.113 182.61
0.087 183.70
0.166 183.57
0.219 182.53
0.060 182.15
0.087 181.01
0.113 180.36
0.245 181.30
0.192 182.33
0.060 181.81
0.166 180.51
0.272 180.45
0.219 181.37
0.060 181.82
0.060 181.65
0.139 180.78
0.298 179.63
0.219 179.58
0.139 181.00
0.139 181.36
0.166 180.32
0.219 180.39
0.166 181.44
0.087 181.89
0.087 181.49
0.166 181.60
0.272 181.28
0.139 181.01
0.113 182.45
0.139 182.73
0.219 181.39
0.192 181.20
0.139 182.13
0.087 182.48
0.060 182.89
0.166 183.58
0.272 182.96
0.166 182.43
0.113 183.42
0.166 183.53
0.192 182.28
0.166 182.06
0.192 182.74
0.113 182.89
0.087 182.35
0.139 181.27
0.272 180.05
0.245 180.06
0.192 181.51
0.113 181.80
0.192 180.70
0.245 180.71
0.192 181.71
0.139 182.23
0.113 182.00
0.139 181.18
0.087 180.81
0.166 181.80
0.192 182.76
0.113 182.37
0.113 182.04
0.060 183.20
0.192 183.35
0.192 182.12
0.192 182.04
0.139 182.84
0.034 183.19
0.113 182.82
0.139 181.77
0.219 180.57
0.219 180.50
0.166 181.30
0.113 181.12
0.113 180.22
0.113 180.30
0.219 181.36
0.272 181.93
0.087 181.74
0.087 180.86
0.007 180.44
0.139 181.48
0.166 182.49
0.219 182.14
0.192 181.84
0.087 183.04
0.139 183.10
0.166 181.81
0.245 181.66
0.245 182.52
0.139 182.92
0.007 182.48
0.113 181.39
0.034 180.89
0.166 181.87
0.245 182.82
0.139 182.42
0.113 182.08
0.113 183.37
0.139 183.51
0.192 182.16
0.166 182.07
0.166 182.99
0.087 183.32
0.087 182.82
0.087 181.68
0.113 181.14
0.272 182.08
0.192 183.00
0.139 182.57
0.087 182.21
0.113 183.48
0.192 183.61
0.219 182.66
0.113 182.37
0.139 182.68
0.060 183.17
0.060 183.70
0.139 183.33
0.245 181.91
0.272 181.63
0.166 182.15
0.087 181.75
0.113 180.65
0.139 181.27
0.219 181.59
0.245 181.05
0.139 181.54
0.139 182.54
0.060 183.27
0.087 183.90
0.139 183.50
0.272 182.69
0.219 183.41
0.192 184.13
0.087 183.54
0.060 183.04
-0.680 181.51
-0.547 175.22
-0.389 165.58
-0.389 154.80
-0.362 143.14
-0.230 131.33
-0.125 119.72
-0.072 108.61
-0.019 98.35
-0.045 88.73
-0.072 80.01
-0.045 72.24
-0.045 65.07
-0.019 58.60
-0.045 52.79
-0.019 47.54
0.007 42.93
0.007 38.72
-0.045 34.76
-0.019 31.18
-0.019 27.82
-0.045 24.74
-0.045 21.90
0.007 19.27
-0.045 17.02
0.007 15.09
-0.019 13.45
0.034 12.05
0.007 10.85
-0.019 9.83
0.007 8.96
-0.045 8.21
-0.045 7.57
0.007 7.03
-0.045 0.00
-0.072 0.00
-0.045 0.00
0.007 0.00
0.007 0.00
-0.019 0.00
0.034 0.00
0.034 0.00
0.007 0.00
0.007 0.00
0.007 0.00
0.007 0.00
-0.019 0.00
0.007 0.00
0.007 0.00
-0.019 0.00
-0.019 0.00
0.007 0.00
-0.019 0.00
0.034 0.00
-0.045 0.00
-0.019 0.00
-0.019 0.00
0.007 0.00
0.034 0.00
-0.019 0.00
0.007 0.00
0.007 0.00
-0.019 0.00
0.034 0.00
0.007 0.00
0.007 0.00
-0.019 0.00
-0.019 0.00
0.007 0.00
0.007 0.00
0.007 0.00
-0.019 0.00
-0.019 0.00
-0.019 0.00
0.007 0.00
-0.019 0.00
0.007 0.00
0.007 0.00
0.007 0.00
0.007 0.00
-0.019 0.00
-0.019 0.00
-0.019 0.00
0.007 0.00
-0.019 0.00
0.007 0.00
-0.019 0.00
0.007 0.00
0.007 0.00
0.007 0.00
0.007 0.00
-0.019 0.00
0.007 0.00
-0.019 0.00
-0.019 0.00
-0.019 0.00
0.007 0.00
0.007 0.00
-0.019 0.00
-0.019 0.00
-0.045 0.00
-0.019 0.00
0.034 0.00
0.007 0.00
-0.045 0.00
0.007 0.00
0.007 0.00
-0.019 0.00
0.007 0.00
0.007 0.00
0.007 0.00
0.034 0.00
0.007 0.00
0.034 0.00
0.007 0.00
-0.019 0.00
-0.019 0.00
0.034 0.00
-0.045 0.00
-0.019 0.00
0.007 0.00
-0.045 0.00
0.007 0.00
0.007 0.00
0.007 0.00
0.007 0.00
0.007 0.00
0.007 0.00
0.007 0.00
0.007 0.00
-0.019 0.00
-0.019 0.00
-0.019 0.00
0.007 0.00
0.007 0.00
-0.019 0.00
-0.019 0.00
0.007 0.00
-0.019 0.00
0.007 0.00
-0.019 0.00
0.007 0.00
0.007 0.00
0.007 0.00
0.007 0.00
0.007 0.00
0.007 0.00
0.007 0.00
-0.019 0.00
0.007 0.00
0.034 0.00
0.007 0.00
0.007 0.00
-0.019 0.00
0.007 0.00
0.007 0.00
0.007 0.00
-0.019 0.00
-0.019 0.00
-0.019 0.00
-0.019 0.00
0.007 0.00
-0.045 0.00
-0.019 0.00
-0.019 0.00
-0.019 0.00
-0.019 0.00
0.007 0.00
0.007 0.00
-0.072 0.00
0.007 0.00
0.007 0.00
-0.019 0.00
0.007 0.00
0.007 0.00
-0.019 0.00
0.007 0.00
-0.045 0.00
-0.019 0.00
0.007 0.00
0.034 0.00
-0.019 0.00
-0.019 0.00
-0.019 0.00
0.007 0.00
-0.019 0.00
0.034 0.00
-0.019 0.00
-0.019 0.00
-0.019 0.00
0.007 0.00
-0.045 0.00
-0.019 0.00
0.007 0.00
-0.045 0.00
-0.019 0.00
0.007 0.00
-0.045 0.00
-0.045 0.00
0.007 0.00
-0.019 0.00
0.007 0.00
-0.019 0.00
-0.019 0.00
-0.019 0.00
-0.019 0.00
-0.019 0.00
-0.019 0.00
0.007 0.00
-0.019 0.00
0.007 0.00
0.034 0.00
-0.019 0.00
-0.019 0.00
-0.045 0.00
0.007 0.00
-0.045 0.00
0.007 0.00
-0.019 0.00
-0.045 0.00
0.007 0.00
0.007 0.00
0.007 0.00
-0.019 0.00
0.007 0.00
0.007 0.00
-0.019 0.00
0.060 0.00
1.011 0.00
0.932 0.00
0.721 0.00
0.641 8.95
0.668 19.11
0.457 29.63
0.404 40.00
0.404 50.49
0.404 60.31
0.298 69.80
0.509 78.84
0.351 87.70
0.245 96.29
0.298 103.70
0.298 110.70
0.298 117.62
0.324 123.61
0.219 129.26
0.166 135.34
0.324 141.02
0.245 145.87
0.219 150.43
0.087 154.42
0.166 157.72
0.166 160.34
0.166 162.79
0.139 164.69
0.245 165.50
0.060 166.58
0.139 167.41
0.166 167.82
0.113 169.19
0.272 171.30
0.192 173.45
0.087 175.05
0.139 176.43
0.192 177.82
0.087 177.94
0.113 178.04
0.113 179.68
0.219 181.42
0.219 181.98
0.139 181.79
0.113 180.90
0.087 180.36
0.087 181.43
0.192 182.68
0.192 182.41
0.192 182.08
0.166 183.24
0.113 183.37
0.166 182.14
0.139 182.06
0.166 182.97
0.219 183.31
0.087 182.92
0.113 183.15
0.113 183.46
0.060 183.05
0.113 181.98
0.087 181.51
0.139 182.51
0.166 183.36
0.166 182.89
0.139 182.48
0.060 183.71
0.139 183.80
0.192 182.41
0.139 182.29
0.219 183.29
0.245 183.80
0.139 184.01
0.166 184.64
0.087 184.84
0.060 184.23
0.113 182.98
0.087 182.35
0.139 183.23
0.192 184.22
0.192 183.83
0.192 183.50
0.192 184.70
0.113 184.65
0.113 183.88
0.060 184.91
0.139 184.92
0.219 183.47
0.245 183.19
0.219 183.94
0.139 184.24
0.060 183.93
0.113 182.84
0.034 182.13
0.060 182.93
0.113 182.77
0.113 182.16
0.139 183.08
0.219 184.08
0.166 183.62
0.166 183.10
0.034 184.11
0.087 184.02
0.166 182.60
0.139 183.05
0.192 183.34
0.219 182.12
0.166 182.04
0.192 182.96
0.139 183.40
0.060 183.11
0.113 182.13
0.034 181.62
0.087 182.49
0.139 182.29
0.113 181.78
0.192 182.74
0.192 183.67
0.139 183.37
0.139 183.11
0.139 184.36
0.087 184.46
0.113 183.07
0.087 183.45
0.139 183.68
0.245 182.51
0.192 182.48
0.166 183.33
0.139 183.61
0.087 183.18
0.139 182.09
0.060 181.49
0.087 181.48
0.113 180.63
0.113 180.34
0.219 181.40
0.192 182.41
0.139 182.18
0.166 181.97
0.139 183.28
0.113 183.63
0.087 183.22
0.113 184.34
0.192 184.34
0.166 182.87
0.272 182.68
0.245 183.62
0.219 184.09
0.166 184.25
0.139 184.85
0.113 185.02
0.034 184.60
0.087 183.51
0.060 182.91
0.087 183.70
0.166 184.50
0.087 184.71
0.139 185.25
0.272 185.94
0.192 185.20
0.139 184.57
0.192 185.49
0.087 185.29
0.113 184.54
0.113 185.46
0.139 185.40
0.192 183.98
0.087 183.73
0.192 183.31
0.245 182.19
0.166 182.20
0.192 183.10
0.166 183.52
0.113 183.21
0.139 183.52
0.087 184.00
0.060 183.62
0.034 182.57
0.034 182.11
0.087 183.02
0.060 182.85
0.113 182.34
0.139 183.22
0.192 184.09
0.219 183.62
0.298 183.22
0.219 183.85
0.087 183.52
0.139 183.23
0.087 184.34
0.139 184.22
0.113 182.87
0.087 183.51
0.192 183.86
0.192 182.66
0.245 182.61
0.219 183.56
0.219 184.04
0.139 184.32
0.219 185.15
0.139 185.39
0.034 184.81
0.113 183.58
0.087 182.75
0.087 182.66
0.087 181.85
0.060 181.38
0.060 182.41
0.060 182.44
-1.049 180.05
-0.574 174.61
-0.362 165.63
-0.310 154.82
-0.310 143.25
-0.257 131.23
-0.204 119.49
-0.072 108.55
-0.045 98.42
-0.098 89.03
0.007 80.44
-0.045 72.57
-0.019 65.42
0.007 59.08
-0.045 53.34
-0.019 48.07
0.007 43.35
-0.045 39.11
-0.019 35.19
-0.019 31.59
-0.019 28.27
-0.072 25.16
-0.019 22.38
-0.019 19.85
-0.045 17.51
-0.045 15.51
-0.019 13.81
-0.019 12.35
-0.019 11.11
-0.019 10.05
-0.045 9.14
0.007 8.37
0.007 7.71
-0.019 7.14
-0.019 0.00
-0.019 0.00
0.007 0.00
-0.019 0.00
0.007 0.00
-0.019 0.00
-0.045 0.00
-0.019 0.00
0.007 0.00
-0.019 0.00
-0.019 0.00
-0.019 0.00
-0.019 0.00
-0.045 0.00
-0.019 0.00
-0.045 0.00
-0.045 0.00
0.007 0.00
-0.019 0.00
-0.019 0.00
-0.019 0.00
0.007 0.00
-0.019 0.00
-0.019 0.00
0.007 0.00
-0.045 0.00
-0.019 0.00
0.007 0.00
-0.019 0.00
-0.072 0.00
-0.019 0.00
-0.045 0.00
-0.019 0.00
0.007 0.00
-0.019 0.00
-0.019 0.00
-0.019 0.00
-0.019 0.00
-0.019 0.00
-0.019 0.00
0.007 0.00
-0.019 0.00
-0.019 0.00
-0.072 0.00
-0.019 0.00
0.007 0.00
-0.072 0.00
-0.019 0.00
-0.019 0.00
-0.019 0.00
-0.019 0.00
-0.072 0.00
-0.019 0.00
0.007 0.00
-0.045 0.00
0.007 0.00
-0.019 0.00
-0.019 0.00
-0.019 0.00
-0.019 0.00
-0.019 0.00
-0.019 0.00
-0.019 0.00
-0.019 0.00
-0.019 0.00
-0.045 0.00
-0.019 0.00
-0.045 0.00
-0.019 0.00
-0.045 0.00
-0.019 0.00
-0.045 0.00
-0.045 0.00
0.007 0.00
0.007 0.00
-0.019 0.00
-0.045 0.00
-0.019 0.00
-0.019 0.00
-0.045 0.00
-0.045 0.00
-0.072 0.00
-0.019 0.00
-0.045 0.00
0.034 0.00
-0.045 0.00
-0.019 0.00
-0.045 0.00
0.034 0.00
-0.019 0.00
-0.019 0.00
-0.045 0.00
-0.019 0.00
-0.045 0.00
0.007 0.00
0.007 0.00
-0.019 0.00
0.007 0.00
-0.045 0.00
0.007 0.00
0.034 0.00
-0.019 0.00
-0.019 0.00
-0.045 0.00
-0.019 0.00
-0.019 0.00
-0.019 0.00
-0.019 0.00
-0.019 0.00
-0.019 0.00
-0.072 0.00
-0.019 0.00
-0.019 0.00
-0.019 0.00
-0.019 0.00
-0.019 0.00
-0.019 0.00
-0.019 0.00
-0.019 0.00
-0.045 0.00
-0.019 0.00
0.007 0.00
-0.072 0.00
-0.045 0.00
0.034 0.00
-0.045 0.00
-0.045 0.00
-0.019 0.00
-0.019 0.00
0.007 0.00
-0.019 0.00
-0.045 0.00
-0.045 0.00
-0.019 0.00
-0.019 0.00
-0.072 0.00
-0.045 0.00
-0.019 0.00
-0.019 0.00
0.007 0.00
-0.045 0.00
0.007 0.00
0.007 0.00
-0.019 0.00
0.007 0.00
-0.019 0.00
-0.019 0.00
-0.045 0.00
0.007 0.00
-0.045 0.00
-0.019 0.00
-0.019 0.00
0.007 0.00
-0.019 0.00
-0.045 0.00
-0.019 0.00
-0.045 0.00
-0.019 0.00
0.007 0.00
-0.019 0.00
-0.019 0.00
0.007 0.00
-0.019 0.00
0.007 0.00
-0.019 0.00
-0.019 0.00
-0.045 0.00
-0.019 0.00
-0.045 0.00
0.007 0.00
-0.019 0.00
-0.045 0.00
-0.045 0.00
-0.045 0.00
-0.019 0.00
-0.045 0.00
-0.019 0.00
-0.072 0.00
0.007 0.00
0.007 0.00
-0.019 0.00
-0.019 0.00
-0.019 0.00
-0.019 0.00
0.007 0.00
-0.019 0.00
-0.019 0.00
-0.045 0.00
0.060 0.00
0.932 0.00
0.853 0.00
0.826 0.00
0.853 9.40
0.430 19.68
0.483 30.12
0.509 40.62
0.509 50.81
0.324 60.48
0.351 69.80
0.457 79.08
0.324 88.24
0.324 96.07
0.351 103.71
0.166 112.09
0.166 120.30
0.298 127.21
0.192 131.99
0.219 136.74
0.166 141.20
0.087 144.81
0.166 148.25
0.139 151.08
0.219 155.03
0.245 159.21
0.060 162.23
0.219 164.71
0.113 167.14
0.139 169.67
0.113 171.60
0.219 173.03
0.087 175.17
0.166 176.06
0.166 175.92
0.060 176.39
0.166 176.09
0.192 175.43
0.166 175.90
0.087 177.85
0.166 178.58
0.219 178.27
0.113 178.51
0.113 177.90
0.060 177.70
0.113 179.03
0.192 180.40
0.166 180.35
0.113 180.31
0.113 181.73
0.192 181.89
0.219 180.68
0.192 180.81
0.139 181.91
0.060 182.51
0.060 182.24
0.139 181.18
0.139 180.71
0.245 181.84
0.192 182.91
0.139 182.50
0.087 182.04
0.113 183.22
0.192 183.48
0.219 182.23
0.166 182.14
0.113 183.16
0.087 183.70
0.060 183.36
0.139 182.34
0.087 181.80
0.166 182.77
0.166 183.70
0.113 183.18
0.139 182.62
0.139 183.58
0.166 183.57
0.192 182.31
0.272 182.31
0.219 183.07
0.139 183.27
0.060 182.78
0.087 181.74
0.034 181.29
0.139 182.21
0.139 183.22
0.245 182.98
0.219 182.66
0.192 183.14
0.087 182.70
0.166 182.32
0.087 183.44
0.166 183.45
0.219 182.11
0.192 181.92
0.192 182.74
0.139 183.21
0.034 182.95
0.113 181.99
0.007 181.50
0.087 182.39
0.166 183.26
0.192 183.54
0.245 184.13
0.166 184.75
0.113 184.07
0.139 183.61
0.113 184.78
0.139 184.82
0.166 183.38
0.087 183.23
0.219 184.21
0.219 184.59
0.139 184.68
0.139 185.33
0.087 185.55
0.060 184.94
0.113 183.70
0.113 182.85
0.166 183.43
0.166 184.15
0.113 183.56
0.192 183.05
0.139 184.20
0.113 184.32
0.113 182.95
0.087 183.35
0.166 183.60
0.219 182.33
0.192 182.22
0.192 183.23
0.113 183.76
0.087 183.41
0.060 182.39
0.060 181.84
0.087 182.80
0.139 182.88
0.139 182.36
0.272 183.12
0.219 184.00
0.087 183.65
0.113 183.23
0.087 184.35
0.113 184.35
0.192 182.87
0.113 182.69
0.219 183.63
0.219 184.10
0.139 184.26
0.166 184.85
0.087 184.91
0.060 184.29
0.139 183.14
0.060 182.59
0.139 183.43
0.166 184.15
0.272 183.66
0.245 183.24
0.219 183.64
0.113 183.22
0.113 182.87
0.087 184.04
0.166 184.18
0.166 182.94
0.087 182.96
0.192 182.77
0.192 181.73
0.219 181.81
0.166 182.88
0.113 183.46
0.060 183.16
0.087 182.17
0.034 181.65
0.113 181.73
0.113 180.95
0.087 180.72
0.166 181.96
0.219 183.02
0.219 182.69
0.219 182.41
0.139 183.04
0.087 182.63
0.139 182.28
0.139 183.65
0.166 183.85
0.192 182.65
0.192 182.60
0.245 183.55
0.219 183.92
0.139 184.00
0.139 184.75
0.113 185.05
0.060 184.63
0.060 183.53
0.034 182.93
0.034 183.72
0.087 183.45
0.113 182.86
0.139 183.78
0.166 184.69
0.245 184.23
0.245 184.20
0.166 184.93
0.139 184.33
0.139 183.81
0.139 184.84
0.113 184.87
0.087 184.29
0.007 185.37
-0.785 183.98
-0.574 177.72
-0.600 168.25
-0.310 156.50
-0.178 144.00
-0.257 131.53
-0.178 119.49
-0.072 108.21
-0.072 97.81
-0.045 88.42
-0.072 79.83
0.007 72.16
-0.045 65.32
-0.019 59.13
0.007 53.58
0.034 48.52
-0.019 43.79
-0.019 39.45
-0.045 35.48
-0.019 31.76
0.007 28.29
0.007 25.18
0.007 22.48
-0.019 20.17
0.007 17.92
-0.045 15.70
-0.019 13.81
-0.019 12.20
-0.019 10.82
-0.045 9.65
-0.019 8.64
0.007 7.78
-0.019 7.05
-0.019 0.00
-0.019 0.00
-0.019 0.00
-0.019 0.00
-0.019 0.00
0.007 0.00
0.007 0.00
-0.019 0.00
-0.019 0.00
0.007 0.00
-0.019 0.00
-0.019 0.00
0.007 0.00
-0.019 0.00
-0.045 0.00
-0.019 0.00
0.007 0.00
-0.019 0.00
-0.019 0.00
0.007 0.00
-0.045 0.00
0.034 0.00
0.007 0.00
0.007 0.00
0.007 0.00
0.034 0.00
0.007 0.00
0.007 0.00
-0.045 0.00
-0.019 0.00
-0.019 0.00
0.007 0.00
-0.019 0.00
0.007 0.00
0.034 0.00
0.007 0.00
0.007 0.00
-0.019 0.00
0.007 0.00
-0.019 0.00
-0.019 0.00
0.034 0.00
-0.019 0.00
-0.019 0.00
0.034 0.00
0.007 0.00
0.007 0.00
0.007 0.00
-0.019 0.00
-0.019 0.00
0.007 0.00
-0.019 0.00
-0.019 0.00
-0.019 0.00
0.060 0.00
-0.072 0.00
-0.019 0.00
0.007 0.00
-0.019 0.00
-0.019 0.00
0.034 0.00
0.007 0.00
0.034 0.00
0.007 0.00
0.060 0.00
-0.019 0.00
-0.045 0.00
-0.019 0.00
-0.019 0.00
0.007 0.00
-0.045 0.00
-0.019 0.00
0.007 0.00
-0.019 0.00
-0.019 0.00
0.007 0.00
-0.045 0.00
-0.045 0.00
-0.019 0.00
-0.045 0.00
-0.019 0.00
-0.019 0.00
0.007 0.00
-0.019 0.00
-0.045 0.00
-0.019 0.00
-0.019 0.00
-0.019 0.00
-0.019 0.00
0.034 0.00
-0.019 0.00
-0.019 0.00
0.007 0.00
-0.045 0.00
0.007 0.00
0.007 0.00
0.007 0.00
-0.019 0.00
-0.045 0.00
0.007 0.00
-0.019 0.00
0.034 0.00
0.007 0.00
0.007 0.00
-0.019 0.00
0.007 0.00
0.007 0.00
0.007 0.00
0.007 0.00
0.007 0.00
-0.019 0.00
0.007 0.00
-0.019 0.00
0.007 0.00
0.007 0.00
0.007 0.00
-0.019 0.00
0.007 0.00
-0.019 0.00
-0.019 0.00
-0.045 0.00
0.007 0.00
-0.019 0.00
0.007 0.00
-0.019 0.00
-0.019 0.00
-0.019 0.00
0.007 0.00
-0.019 0.00
-0.019 0.00
-0.019 0.00
-0.045 0.00
-0.019 0.00
0.034 0.00
0.007 0.00
-0.072 0.00
-0.019 0.00
-0.019 0.00
-0.045 0.00
-0.045 0.00
-0.045 0.00
-0.019 0.00
0.007 0.00
-0.019 0.00
0.007 0.00
-0.019 0.00
0.007 0.00
0.007 0.00
0.034 0.00
-0.019 0.00
0.007 0.00
0.007 0.00
0.007 0.00
-0.019 0.00
-0.019 0.00
-0.019 0.00
0.007 0.00
-0.045 0.00
-0.019 0.00
-0.045 0.00
0.007 0.00
-0.045 0.00
-0.019 0.00
0.007 0.00
-0.045 0.00
-0.019 0.00
0.007 0.00
-0.019 0.00
0.007 0.00
0.007 0.00
0.007 0.00
0.007 0.00
-0.019 0.00
-0.045 0.00
-0.045 0.00
-0.019 0.00
0.007 0.00
0.007 0.00
-0.019 0.00
-0.045 0.00
-0.019 0.00
0.007 0.00
-0.019 0.00
0.007 0.00
-0.019 0.00
-0.019 0.00
-0.045 0.00
-0.019 0.00
0.007 0.00
-0.045 0.00
0.034 0.00
0.007 0.00
0.087 0.00
0.879 0.00
0.879 0.00
0.615 0.00
0.536 9.60
0.589 20.02
0.641 30.96
0.404 42.42
0.377 52.93
0.509 63.02
0.377 73.47
0.245 82.75
0.324 91.13
0.351 99.53
0.298 107.59
0.219 115.41
0.192 123.22
0.272 129.90
0.166 134.38
0.245 138.77
0.139 143.11
0.113 146.52
0.166 150.38
0.113 153.67
0.219 156.68
0.192 159.07
0.113 161.01
0.166 163.89
0.139 167.35
0.192 169.27
0.192 170.11
0.060 172.10
0.192 174.12
0.113 174.78
0.166 174.60
0.272 175.29
0.219 176.85
0.139 177.96
0.060 178.35
0.087 177.97
0.245 177.23
0.272 177.65
0.166 179.46
0.139 180.14
0.192 179.38
0.298 179.70
0.219 180.85
0.113 181.48
0.060 181.36
0.087 180.43
0.034 180.19
0.139 181.50
0.166 182.74
0.219 182.57
0.219 182.31
0.219 182.96
0.139 182.76
0.113 182.58
0.060 183.91
0.166 183.98
0.192 182.56
0.219 182.41
0.166 183.28
0.139 183.57
0.113 183.25
0.166 183.66
0.060 184.12
0.087 183.83
0.166 182.85
0.060 182.24
0.139 183.02
0.219 183.91
0.192 183.57
0.245 183.17
0.166 184.29
0.113 184.50
0.087 183.96
0.087 184.97
0.192 184.98
0.219 183.51
0.192 183.23
0.166 184.09
0.087 184.49
0.139 184.04
0.113 182.92
0.034 182.19
0.060 182.07
0.113 181.14
0.113 180.68
0.192 181.81
0.192 183.00
0.166 182.79
0.192 182.62
0.219 183.33
0.139 182.98
0.139 182.67
0.113 184.11
0.139 184.28
0.192 182.81
0.166 182.63
0.219 183.46
0.166 183.84
0.034 183.59
0.113 182.64
0.034 182.17
0.087 182.28
0.113 181.33
0.113 180.84
0.139 181.82
0.192 182.78
0.139 182.49
0.192 182.24
0.060 183.50
0.113 183.73
0.113 182.44
0.113 182.92
0.192 183.33
0.192 182.21
0.166 182.11
0.192 183.14
0.087 183.68
0.034 183.45
0.166 182.53
0.060 181.96
0.087 181.99
0.166 181.17
0.113 180.80
0.139 181.91
0.139 183.09
0.192 182.87
0.219 182.68
0.166 183.27
0.139 182.91
0.113 182.72
0.060 184.03
0.139 184.17
0.166 182.93
0.087 182.95
0.166 182.87
0.192 181.81
0.192 181.77
0.192 182.85
0.139 183.32
0.087 183.04
0.139 183.36
0.087 183.86
0.087 183.72
0.139 182.86
0.034 182.45
0.113 183.44
0.166 184.28
0.219 184.52
0.166 185.20
0.192 185.90
0.139 185.27
0.139 184.61
0.139 184.93
0.060 184.44
0.087 184.02
0.087 185.26
0.139 185.36
0.166 183.94
0.113 183.70
0.219 183.29
0.219 182.17
0.166 182.30
0.219 183.42
0.139 183.92
0.166 183.55
0.113 183.81
0.113 184.25
0.087 183.94
0.060 183.04
0.060 182.61
0.060 183.57
0.139 183.44
0.034 182.74
0.139 183.57
0.166 184.50
0.272 184.08
0.245 184.07
0.219 184.93
0.139 184.44
0.139 183.91
0.139 185.05
0.113 185.28
0.087 184.74
0.060 185.75
0.113 185.75
0.139 184.27
0.087 184.61
0.139 184.80
0.219 183.46
0.113 183.29
0.272 184.03
0.192 183.89
0.192 183.77
0.192 184.67
0.113 184.99
0.166 184.57
0.139 184.79
0.139 185.09
0.034 184.55
0.087 183.36
0.034 182.78
0.060 182.91
0.139 182.17
0.087 181.75
0.060 182.72
-1.049 181.47
-0.785 175.74
-0.653 166.99
-0.415 155.97
-0.336 143.63
-0.257 131.33
-0.204 119.57
-0.072 108.37
-0.072 98.09
-0.045 88.61
-0.019 80.01
-0.019 72.34
-0.019 65.30
0.007 58.85
0.034 53.10
-0.045 47.97
0.007 43.40
0.007 39.20
-0.019 35.31
-0.019 31.69
0.007 28.33
0.007 25.24
-0.045 22.49
-0.019 19.95
0.007 17.61
-0.019 15.60
-0.019 13.89
-0.045 12.43
-0.019 11.19
-0.019 10.12
-0.045 9.21
0.007 8.44
0.007 7.77
-0.019 7.21
0.007 0.00
-0.019 0.00
0.007 0.00
-0.019 0.00
-0.045 0.00
0.034 0.00
0.007 0.00
-0.019 0.00
-0.019 0.00
0.007 0.00
-0.045 0.00
0.007 0.00
-0.019 0.00
0.034 0.00
-0.045 0.00
-0.019 0.00
-0.045 0.00
0.007 0.00
-0.019 0.00
-0.019 0.00
0.007 0.00
-0.019 0.00
-0.019 0.00
-0.045 0.00
0.007 0.00
-0.019 0.00
-0.019 0.00
-0.019 0.00
0.007 0.00
-0.045 0.00
-0.045 0.00
-0.019 0.00
-0.019 0.00
0.007 0.00
0.007 0.00
-0.019 0.00
0.007 0.00
0.007 0.00
-0.019 0.00
-0.045 0.00
0.007 0.00
-0.019 0.00
-0.019 0.00
-0.019 0.00
0.007 0.00
-0.019 0.00
0.007 0.00
0.034 0.00
0.007 0.00
-0.019 0.00
-0.019 0.00
0.007 0.00
-0.019 0.00
-0.019 0.00
0.007 0.00
-0.072 0.00
-0.019 0.00
-0.019 0.00
0.007 0.00
-0.019 0.00
-0.045 0.00
-0.072 0.00
-0.019 0.00
-0.045 0.00
-0.019 0.00
-0.019 0.00
0.007 0.00
-0.019 0.00
-0.019 0.00
0.007 0.00
-0.019 0.00
0.007 0.00
-0.072 0.00
-0.019 0.00
-0.019 0.00
-0.019 0.00
0.034 0.00
0.007 0.00
0.007 0.00
-0.019 0.00
-0.045 0.00
0.007 0.00
-0.019 0.00
0.007 0.00
-0.019 0.00
0.007 0.00
-0.019 0.00
0.007 0.00
0.007 0.00
-0.019 0.00
-0.019 0.00
0.007 0.00
-0.019 0.00
-0.019 0.00
-0.045 0.00
0.007 0.00
-0.019 0.00
0.007 0.00
-0.019 0.00
0.007 0.00
-0.045 0.00
-0.045 0.00
0.007 0.00
-0.019 0.00
-0.045 0.00
-0.019 0.00
-0.019 0.00
-0.019 0.00
-0.019 0.00
0.007 0.00
-0.019 0.00
-0.019 0.00
0.007 0.00
-0.019 0.00
0.007 0.00
-0.019 0.00
-0.045 0.00
0.034 0.00
0.007 0.00
-0.019 0.00
-0.019 0.00
-0.045 0.00
-0.045 0.00
-0.019 0.00
-0.019 0.00
-0.045 0.00
-0.045 0.00
-0.019 0.00
0.007 0.00
-0.045 0.00
0.007 0.00
0.007 0.00
-0.019 0.00
0.007 0.00
-0.019 0.00
0.007 0.00
-0.019 0.00
-0.045 0.00
0.007 0.00
0.007 0.00
-0.019 0.00
-0.019 0.00
-0.019 0.00
-0.019 0.00
-0.019 0.00
-0.045 0.00
-0.019 0.00
-0.019 0.00
0.007 0.00
0.007 0.00
-0.045 0.00
-0.019 0.00
-0.019 0.00
-0.045 0.00
0.007 0.00
0.034 0.00
0.007 0.00
-0.019 0.00
-0.019 0.00
-0.019 0.00
-0.045 0.00
0.007 0.00
-0.019 0.00
-0.019 0.00
0.007 0.00
0.007 0.00
-0.045 0.00
-0.019 0.00
-0.019 0.00
-0.019 0.00
-0.019 0.00
-0.045 0.00
-0.019 0.00
-0.045 0.00
-0.045 0.00
-0.019 0.00
-0.019 0.00
-0.019 0.00
-0.072 0.00
-0.019 0.00
0.007 0.00
0.034 0.00
-0.045 0.00
-0.019 0.00
-0.045 0.00
-0.019 0.00
-0.019 0.00
0.034 0.00
-0.045 0.00
-0.019 0.00
0.113 0.00
0.932 0.00
0.800 0.00
0.747 0.00
0.589 9.20
0.774 19.12
0.509 29.67
0.562 40.67
0.404 51.75
0.298 62.15
0.351 72.17
0.324 81.27
0.298 89.17
0.351 97.33
0.166 105.32
0.166 112.31
0.166 118.74
0.272 125.18
0.139 132.17
0.245 138.52
0.219 143.84
0.272 147.82
0.245 150.44
0.139 153.97
0.192 158.53
0.219 162.42
0.113 164.98
0.192 167.51
0.192 170.67
0.166 172.10
0.245 172.53
0.060 173.40
0.113 173.53
0.087 174.07
0.139 175.93
0.166 177.74
0.113 178.09
0.139 178.38
0.113 180.08
0.166 180.58
0.166 179.66
0.219 179.94
0.245 181.16
0.166 181.87
0.139 182.36
0.113 183.35
0.113 183.97
0.087 183.70
0.087 182.63
0.034 181.94
0.087 181.97
0.087 181.26
0.087 180.88
0.113 181.07
0.087 180.38
0.087 180.24
0.139 181.55
0.113 181.71
0.087 181.37
0.139 182.52
0.166 183.60
0.139 184.06
0.166 184.81
0.166 185.68
0.219 185.20
0.245 185.03
0.219 185.75
0.139 185.14
0.192 184.62
0.166 185.05
0.113 184.54
0.139 184.11
0.113 185.21
0.087 185.29
0.113 184.75
0.113 185.76
0.139 185.75
0.087 185.14
0.113 186.36
0.139 186.52
0.060 185.92
0.060 187.00
0.087 186.84
0.139 185.31
0.087 185.58
0.113 185.60
0.139 184.25
0.060 184.69
0.139 184.87
0.166 183.52
0.087 184.07
0.166 184.34
0.166 183.07
0.087 182.95
0.166 182.65
0.219 181.63
0.219 181.84
0.219 183.02
0.219 183.15
0.192 183.02
0.192 183.92
0.219 184.34
0.113 184.58
0.192 185.37
0.166 185.69
0.139 185.73
0.139 186.23
0.139 186.32
0.060 185.71
0.113 185.76
0.087 185.91
0.034 185.36
0.113 185.59
0.113 185.89
0.034 185.34
0.113 184.24
0.087 183.52
0.060 183.32
0.087 182.31
0.060 181.66
0.034 181.73
0.060 181.16
0.007 180.89
0.060 181.18
0.113 180.59
0.007 180.42
0.034 181.70
0.139 181.94
0.060 181.67
0.113 182.65
0.113 183.71
0.166 184.27
0.113 184.99
0.139 185.72
0.166 185.87
0.113 186.35
0.192 186.88
0.245 186.21
0.219 185.99
0.192 186.69
0.219 186.06
0.245 185.76
0.192 186.50
0.139 186.00
0.192 185.93
0.192 186.65
0.139 186.01
0.219 185.47
0.192 185.88
0.139 185.47
0.219 185.01
0.166 185.38
0.166 184.82
0.219 184.35
0.166 184.81
0.166 184.44
0.219 184.13
0.219 184.62
0.139 184.18
0.219 183.80
0.192 184.46
0.166 184.26
0.219 183.97
0.139 184.61
0.113 184.38
0.166 184.08
0.192 184.70
0.087 184.36
0.192 184.07
0.192 184.69
0.139 184.24
0.192 183.85
0.219 184.39
0.139 184.08
0.245 183.82
0.219 184.48
0.166 184.17
0.219 183.91
0.166 184.67
0.113 184.44
0.192 184.12
0.219 184.62
0.192 184.28
0.219 183.99
0.219 184.62
0.139 184.29
0.192 184.01
0.192 184.64
0.087 184.20
0.192 183.93
0.192 184.57
0.113 184.14
0.192 183.76
0.192 184.31
0.166 183.91
0.166 183.57
0.166 184.27
0.113 183.99
0.139 183.64
0.166 184.21
0.113 183.93
0.139 183.69
0.219 184.36
0.139 184.07
0.166 183.71
0.166 184.27
0.113 183.87
0.139 183.54
0.087 184.24
-0.997 181.77
-0.785 175.04
-0.627 165.91
-0.468 154.91
-0.336 143.16
-0.230 131.20
-0.178 119.30
-0.098 108.11
-0.019 98.02
-0.045 88.59
-0.072 80.12
0.007 72.45
-0.045 65.31
-0.045 58.98
-0.019 53.25
-0.045 47.97
-0.019 43.25
-0.045 39.00
-0.019 35.06
-0.019 31.44
-0.019 28.09
0.007 24.95
-0.045 22.15
-0.045 19.55
0.007 17.11
0.007 15.02
-0.045 13.25
-0.045 11.73
-0.045 10.43
-0.045 9.32
-0.019 8.38
-0.045 7.57
-0.019 0.00
-0.019 0.00
-0.019 0.00
-0.019 0.00
-0.019 0.00
-0.019 0.00
-0.045 0.00
-0.019 0.00
-0.019 0.00
-0.019 0.00
-0.045 0.00
-0.019 0.00
-0.045 0.00
-0.019 0.00
0.007 0.00
-0.019 0.00
-0.072 0.00
-0.019 0.00
0.007 0.00
-0.019 0.00
-0.019 0.00
-0.019 0.00
-0.019 0.00
0.007 0.00
-0.019 0.00
-0.019 0.00
-0.019 0.00
-0.019 0.00
-0.019 0.00
0.007 0.00
-0.045 0.00
-0.019 0.00
0.007 0.00
-0.019 0.00
0.007 0.00
0.007 0.00
0.007 0.00
-0.019 0.00
0.007 0.00
-0.019 0.00
0.007 0.00
0.007 0.00
-0.019 0.00
0.007 0.00
0.007 0.00
0.007 0.00
-0.019 0.00
0.007 0.00
-0.045 0.00
-0.045 0.00
-0.019 0.00
-0.019 0.00
-0.045 0.00
-0.019 0.00
0.034 0.00
-0.045 0.00
-0.045 0.00
-0.019 0.00
-0.019 0.00
-0.019 0.00
0.007 0.00
-0.045 0.00
0.007 0.00
-0.045 0.00
0.007 0.00
0.007 0.00
-0.019 0.00
-0.045 0.00
-0.019 0.00
-0.045 0.00
-0.019 0.00
-0.045 0.00
-0.019 0.00
-0.019 0.00
-0.045 0.00
-0.019 0.00
-0.045 0.00
-0.019 0.00
-0.019 0.00
-0.072 0.00
-0.019 0.00
-0.019 0.00
-0.019 0.00
0.007 0.00
-0.019 0.00
-0.019 0.00
-0.019 0.00
-0.019 0.00
-0.019 0.00
-0.045 0.00
-0.019 0.00
-0.019 0.00
-0.045 0.00
-0.019 0.00
0.007 0.00
-0.019 0.00
-0.045 0.00
-0.019 0.00
-0.045 0.00
-0.045 0.00
0.007 0.00
-0.019 0.00
-0.019 0.00
-0.019 0.00
0.007 0.00
-0.072 0.00
0.007 0.00
-0.019 0.00
-0.019 0.00
0.034 0.00
-0.045 0.00
0.007 0.00
-0.045 0.00
-0.019 0.00
0.007 0.00
0.007 0.00
0.007 0.00
0.007 0.00
-0.019 0.00
-0.045 0.00
-0.019 0.00
-0.045 0.00
-0.019 0.00
0.007 0.00
-0.045 0.00
0.007 0.00
-0.019 0.00
0.007 0.00
-0.019 0.00
0.007 0.00
-0.045 0.00
-0.019 0.00
-0.019 0.00
0.007 0.00
-0.019 0.00
-0.045 0.00
-0.045 0.00
-0.045 0.00
0.034 0.00
-0.019 0.00
0.007 0.00
-0.045 0.00
-0.019 0.00
-0.019 0.00
0.034 0.00
-0.045 0.00
0.034 0.00
-0.019 0.00
-0.019 0.00
-0.019 0.00
-0.019 0.00
-0.019 0.00
-0.019 0.00
-0.072 0.00
-0.045 0.00
-0.019 0.00
-0.0